0 400 160000 3.335
1 400 160000 1.402
2 400 160000 1.352
3 400 160000 1.361
4 400 160000 1.419
5 400 160000 1.384
6 400 160000 1.727
7 400 160000 1.383
8 400 160000 1.372
9 400 160000 1.364
10 400 160000 1.689
11 400 160000 1.487
12 400 160000 1.363
13 400 160000 1.353
14 400 160000 1.975
15 400 160000 1.349
16 400 160000 1.387
17 400 160000 1.478
18 400 160000 1.374
19 400 160000 1.482
20 400 160000 1.37
21 400 160000 1.638
22 400 160000 1.368
23 400 160000 1.452
24 400 160000 1.352
25 400 160000 1.366
26 400 160000 1.543
27 400 160000 1.357
28 400 160000 2.29
29 400 160000 2.24
30 400 160000 2.351
31 400 160000 2.271
32 400 160000 2.27
33 400 160000 2.284
34 400 160000 2.249
35 400 160000 2.247
36 400 160000 2.264
37 400 160000 2.294
38 400 160000 2.229
39 400 160000 2.258
40 400 160000 2.298
41 400 160000 2.285
42 400 160000 2.289
43 400 160000 2.3
44 400 160000 2.276
45 400 160000 2.233
46 400 160000 2.263
47 400 160000 2.274
48 400 160000 1.464
49 400 160000 2.278
50 400 160000 2.274
51 400 160000 2.282
52 400 160000 2.284
53 400 160000 2.27
54 400 160000 2.272
55 400 160000 2.286
56 400 160000 2.241
57 400 160000 2.273
58 400 160000 2.276
59 400 160000 2.273
60 400 160000 2.244
61 400 160000 2.221
62 400 160000 2.247
63 400 160000 2.242
64 400 160000 2.287
65 400 160000 2.37
66 400 160000 2.25
67 400 160000 2.24
68 400 160000 1.686
69 400 160000 1.568
70 400 160000 1.626
71 400 160000 1.366
72 400 160000 1.363
73 400 160000 1.349
74 400 160000 1.705
75 400 160000 1.495
76 400 160000 1.399
77 400 160000 1.404
78 400 160000 1.371
79 400 160000 1.538
80 400 160000 1.471
81 400 160000 1.36
82 400 160000 1.413
83 400 160000 1.352
84 400 160000 1.526
85 400 160000 1.602
86 400 160000 1.378
87 400 160000 1.373
88 400 160000 1.423
89 400 160000 1.471
90 400 160000 1.423
91 400 160000 1.414
92 400 160000 1.349
93 400 160000 1.347
94 400 160000 1.357
95 400 160000 1.349
96 400 160000 1.364
97 400 160000 1.784
98 400 160000 1.371
99 400 160000 1.359
100 400 160000 1.361
101 400 160000 2.246
102 400 160000 2.284
103 400 160000 2.267
104 400 160000 2.283
105 400 160000 2.283
106 400 160000 1.433
107 400 160000 1.348
108 400 160000 1.349
109 400 160000 1.561
110 400 160000 1.505
111 400 160000 1.358
112 400 160000 1.432
113 400 160000 1.35
114 400 160000 1.349
115 400 160000 1.369
116 400 160000 1.394
117 400 160000 1.808
118 400 160000 1.358
119 400 160000 1.373
120 400 160000 1.364
121 400 160000 1.373
122 400 160000 1.374
123 400 160000 1.565
124 400 160000 1.358
125 400 160000 1.513
126 400 160000 1.35
127 400 160000 1.396
128 400 160000 1.585
129 400 160000 2.265
130 400 160000 2.301
131 400 160000 2.296
132 400 160000 2.245
133 400 160000 2.206
134 400 160000 2.245
135 400 160000 2.263
136 400 160000 2.276
137 400 160000 2.277
138 400 160000 2.325
139 400 160000 2.3
140 400 160000 1.498
141 400 160000 1.38
142 400 160000 1.663
143 400 160000 1.477
144 400 160000 1.388
145 400 160000 1.359
146 400 160000 1.353
147 400 160000 1.546
148 400 160000 1.48
149 400 160000 1.46
150 400 160000 1.347
151 400 160000 1.422
152 400 160000 1.548
153 400 160000 1.593
154 400 160000 1.52
155 400 160000 1.378
156 400 160000 1.443
157 400 160000 1.711
158 400 160000 1.811
159 400 160000 1.445
160 400 160000 1.394
161 400 160000 1.352
162 400 160000 1.36
163 400 160000 1.35
164 400 160000 1.361
165 400 160000 1.384
166 400 160000 1.364
167 400 160000 1.349
168 400 160000 1.618
169 400 160000 1.6
170 400 160000 1.36
171 400 160000 1.359
172 400 160000 1.349
173 400 160000 1.352
174 400 160000 1.35
175 400 160000 1.711
176 400 160000 1.488
177 400 160000 1.361
178 400 160000 1.362
179 400 160000 1.36
180 400 160000 1.35
181 400 160000 1.461
182 400 160000 1.538
183 400 160000 1.351
184 400 160000 1.404
185 400 160000 1.37
186 400 160000 1.424
187 400 160000 2.244
188 400 160000 2.242
189 400 160000 2.282
190 400 160000 2.246
191 400 160000 2.266
192 400 160000 2.281
193 400 160000 2.275
194 400 160000 2.275
195 400 160000 2.281
196 400 160000 2.245
197 400 160000 2.298
198 400 160000 1.488
199 400 160000 1.348
200 400 160000 1.542
201 400 160000 1.476
202 400 160000 1.39
203 400 160000 1.348
204 400 160000 1.5
205 400 160000 1.567
206 400 160000 1.835
207 400 160000 1.7
208 400 160000 1.348
209 400 160000 1.35
210 400 160000 2.287
211 400 160000 2.278
212 400 160000 2.215
213 400 160000 1.42
214 400 160000 1.501
215 400 160000 1.485
216 400 160000 1.724
217 400 160000 1.654
218 400 160000 1.35
219 400 160000 1.349
220 400 160000 1.349
221 400 160000 1.348
222 400 160000 1.751
223 400 160000 1.574
224 400 160000 1.358
225 400 160000 1.349
226 400 160000 1.349
227 400 160000 1.352
228 400 160000 1.527
229 400 160000 1.554
230 400 160000 1.347
231 400 160000 1.36
232 400 160000 1.366
233 400 160000 1.507
234 400 160000 1.663
235 400 160000 1.359
236 400 160000 1.359
237 400 160000 1.349
238 400 160000 1.443
239 400 160000 1.673
240 400 160000 1.359
241 400 160000 1.374
242 400 160000 1.362
243 400 160000 1.404
244 400 160000 1.533
245 400 160000 1.35
246 400 160000 1.359
247 400 160000 1.349
248 400 160000 1.454
249 400 160000 1.562
250 400 160000 1.384
251 400 160000 1.373
252 400 160000 1.348
253 400 160000 1.438
254 400 160000 1.494
255 400 160000 1.358
256 400 160000 1.349
257 400 160000 1.407
258 400 160000 1.544
259 400 160000 1.485
260 400 160000 1.358
261 400 160000 1.361
262 400 160000 1.397
263 400 160000 1.516
264 400 160000 1.468
265 400 160000 1.465
266 400 160000 2.29
267 400 160000 2.276
268 400 160000 2.257
269 400 160000 1.354
270 400 160000 1.411
271 400 160000 1.585
272 400 160000 1.375
273 400 160000 1.348
274 400 160000 1.579
275 400 160000 1.359
276 400 160000 1.36
277 400 160000 1.349
278 400 160000 1.549
279 400 160000 1.539
280 400 160000 1.375
281 400 160000 1.378
282 400 160000 1.356
283 400 160000 1.552
284 400 160000 1.534
285 400 160000 1.359
286 400 160000 1.361
287 400 160000 1.375
288 400 160000 1.813
289 400 160000 1.7
290 400 160000 1.399
291 400 160000 1.382
292 400 160000 1.38
293 400 160000 1.389
294 400 160000 1.723
295 400 160000 1.356
296 400 160000 2.287
297 400 160000 1.36
298 400 160000 1.349
299 400 160000 1.528
300 400 160000 1.53
301 400 160000 1.391
302 400 160000 1.397
303 400 160000 1.373
304 400 160000 1.625
305 400 160000 1.532
306 400 160000 1.436
307 400 160000 1.361
308 400 160000 1.349
309 400 160000 1.552
310 400 160000 1.499
311 400 160000 1.378
312 400 160000 1.404
313 400 160000 1.366
314 400 160000 1.53
315 400 160000 1.409
316 400 160000 1.359
317 400 160000 1.358
318 400 160000 1.35
319 400 160000 1.35
320 400 160000 1.552
321 400 160000 1.365
322 400 160000 1.364
323 400 160000 1.349
324 400 160000 1.415
325 400 160000 1.739
326 400 160000 1.372
327 400 160000 1.349
328 400 160000 1.35
329 400 160000 1.439
330 400 160000 1.539
331 400 160000 1.367
332 400 160000 1.383
333 400 160000 1.369
334 400 160000 1.387
335 400 160000 1.531
336 400 160000 1.369
337 400 160000 1.358
338 400 160000 1.354
339 400 160000 1.52
340 400 160000 1.694
341 400 160000 1.377
342 400 160000 1.393
343 400 160000 1.577
344 400 160000 1.395
345 400 160000 1.385
346 400 160000 1.348
347 400 160000 1.35
348 400 160000 1.664
349 400 160000 1.604
350 400 160000 1.4
351 400 160000 1.406
352 400 160000 1.369
353 400 160000 1.656
354 400 160000 1.357
355 400 160000 1.349
356 400 160000 1.353
357 400 160000 1.36
358 400 160000 1.733
359 400 160000 1.644
360 400 160000 1.369
361 400 160000 1.375
362 400 160000 1.35
363 400 160000 1.553
364 400 160000 1.724
365 400 160000 1.361
366 400 160000 1.426
367 400 160000 1.348
368 400 160000 1.442
369 400 160000 1.502
370 400 160000 1.365
371 400 160000 1.35
372 400 160000 1.35
373 400 160000 1.744
374 400 160000 1.518
375 400 160000 1.358
376 400 160000 1.353
377 400 160000 1.415
378 400 160000 1.561
379 400 160000 1.358
380 400 160000 1.349
381 400 160000 1.353
382 400 160000 1.406
383 400 160000 1.558
384 400 160000 2.271
385 400 160000 2.294
386 400 160000 2.302
387 400 160000 2.254
388 400 160000 2.175
389 400 160000 2.249
390 400 160000 2.245
391 400 160000 2.271
392 400 160000 2.276
393 400 160000 2.345
394 400 160000 2.281
395 400 160000 1.504
396 400 160000 1.533
397 400 160000 1.558
398 400 160000 1.366
399 400 160000 1.359
400 64000000 649.039 1.6226
