Num_Pattern Value_N Num_Cells Time 
0 500 250000 9.349665
1 500 250000 9.522499
2 500 250000 9.774900
3 500 250000 9.934872
4 500 250000 4.156381
5 500 250000 6.370745
6 500 250000 5.662442
7 500 250000 1.805620
8 500 250000 6.991483
9 500 250000 7.026094
10 500 250000 1.912177
11 500 250000 4.683440
12 500 250000 4.126371
13 500 250000 8.169730
14 500 250000 1.794096
15 500 250000 3.963480
16 500 250000 4.015666
17 500 250000 1.784957
18 500 250000 4.993435
19 500 250000 6.767023
20 500 250000 2.827270
21 500 250000 29.154493
22 500 250000 2.258902
23 500 250000 2.271871
24 500 250000 1.784432
25 500 250000 2.718094
26 500 250000 4.109924
27 500 250000 1.804814
28 500 250000 2.101438
29 500 250000 1.888692
30 500 250000 14.407682
31 500 250000 1.765243
32 500 250000 1.836027
33 500 250000 1.835063
34 500 250000 1.789866
35 500 250000 1.896774
36 500 250000 2.299965
37 500 250000 6.924041
38 500 250000 2.192851
39 500 250000 2.265012
40 500 250000 1.786511
41 500 250000 1.828355
42 500 250000 5.037918
43 500 250000 1.791602
44 500 250000 18.887486
45 500 250000 7.297924
46 500 250000 1.798596
47 500 250000 1.788735
48 500 250000 3.054408
49 500 250000 2.164254
50 500 250000 4.250719
51 500 250000 2.164458
52 500 250000 3.020433
53 500 250000 1.886826
54 500 250000 1.813922
55 500 250000 1.839625
56 500 250000 1.834889
57 500 250000 3.814692
58 500 250000 5.522357
59 500 250000 1.936662
60 500 250000 1.855106
61 500 250000 1.857807
62 500 250000 2.214122
63 500 250000 2.283987
64 500 250000 1.801092
65 500 250000 1.867401
66 500 250000 1.781173
67 500 250000 1.806639
68 500 250000 1.792582
69 500 250000 1.831413
70 500 250000 1.881186
71 500 250000 1.834014
72 500 250000 1.755616
73 500 250000 1.803711
74 500 250000 1.846569
75 500 250000 1.823272
76 500 250000 1.744948
77 500 250000 1.817745
78 500 250000 1.897462
79 500 250000 1.873676
80 500 250000 1.836122
81 500 250000 1.804960
82 500 250000 1.828529
83 500 250000 1.822335
84 500 250000 2.939379
85 500 250000 1.793961
86 500 250000 1.798688
87 500 250000 1.870202
88 500 250000 3.707361
89 500 250000 1.827738
90 500 250000 11.160602
91 500 250000 1.909203
92 500 250000 1.835297
93 500 250000 1.738411
94 500 250000 1.797517
95 500 250000 1.812413
96 500 250000 1.824689
97 500 250000 1.852550
98 500 250000 1.796432
99 500 250000 2.605967
100 500 250000 1.752546
101 500 250000 1.788061
102 500 250000 1.828745
103 500 250000 1.787401
104 500 250000 1.795333
105 500 250000 1.832814
106 500 250000 1.859615
107 500 250000 5.446218
108 500 250000 5.828550
109 500 250000 1.804893
110 500 250000 2.631796
111 500 250000 2.578860
112 500 250000 1.832389
113 500 250000 1.765329
114 500 250000 1.863820
115 500 250000 1.847535
116 500 250000 1.803491
117 500 250000 1.821757
118 500 250000 1.823128
119 500 250000 1.885922
120 500 250000 1.897285
121 500 250000 1.778640
122 500 250000 2.317204
123 500 250000 1.788719
124 500 250000 1.822967
125 500 250000 1.832982
126 500 250000 5.820302
127 500 250000 5.612931
128 500 250000 1.796932
129 500 250000 1.819416
130 500 250000 1.826061
131 500 250000 1.788172
132 500 250000 1.816606
133 500 250000 1.948768
134 500 250000 1.803616
135 500 250000 1.806277
136 500 250000 1.937593
137 500 250000 1.779756
138 500 250000 4.962464
139 500 250000 24.963413
140 500 250000 7.843808
141 500 250000 1.787495
142 500 250000 1.853482
143 500 250000 1.830145
144 500 250000 1.839800
145 500 250000 1.790940
146 500 250000 1.809334
147 500 250000 1.789534
148 500 250000 1.780079
149 500 250000 1.812042
150 500 250000 1.789707
151 500 250000 1.948733
152 500 250000 1.814743
153 500 250000 1.787609
154 500 250000 1.798593
155 500 250000 1.800386
156 500 250000 1.815963
157 500 250000 1.821974
158 500 250000 1.799783
159 500 250000 1.792462
160 500 250000 1.814403
161 500 250000 1.838090
162 500 250000 1.793577
163 500 250000 1.784797
164 500 250000 9.635291
165 500 250000 1.656236
166 500 250000 1.807007
167 500 250000 1.914566
168 500 250000 1.802328
169 500 250000 14.426204
170 500 250000 5.850799
171 500 250000 2.304991
172 500 250000 4.035310
173 500 250000 6.802384
174 500 250000 1.788031
175 500 250000 1.791739
176 500 250000 1.831758
177 500 250000 3.917191
178 500 250000 7.222540
179 500 250000 3.354549
180 500 250000 1.801740
181 500 250000 3.312998
182 500 250000 3.367430
183 500 250000 1.805235
184 500 250000 18.283232
185 500 250000 5.306312
186 500 250000 3.976302
187 500 250000 1.802881
188 500 250000 1.796457
189 500 250000 1.879571
190 500 250000 1.816506
191 500 250000 1.787937
192 500 250000 1.929660
193 500 250000 1.772576
194 500 250000 1.806116
195 500 250000 1.820134
196 500 250000 1.803855
197 500 250000 2.774200
198 500 250000 5.777176
199 500 250000 2.387402
200 500 250000 2.377431
201 500 250000 1.790338
202 500 250000 2.754167
203 500 250000 6.490504
204 500 250000 17.457539
205 500 250000 1.787019
206 500 250000 15.646208
207 500 250000 1.817283
208 500 250000 1.789365
209 500 250000 4.901136
210 500 250000 3.949362
211 500 250000 7.650815
212 500 250000 12.055132
213 500 250000 2.340257
214 500 250000 1.733923
215 500 250000 1.804693
216 500 250000 10.263101
217 500 250000 1.798953
218 500 250000 18.911573
219 500 250000 1.868835
220 500 250000 1.820157
221 500 250000 1.787202
222 500 250000 2.649504
223 500 250000 2.547181
224 500 250000 6.913260
225 500 250000 1.811627
226 500 250000 2.599397
227 500 250000 6.693465
228 500 250000 1.802835
229 500 250000 1.825788
230 500 250000 1.905683
231 500 250000 1.800913
232 500 250000 1.881062
233 500 250000 1.800287
234 500 250000 1.784580
235 500 250000 5.097803
236 500 250000 5.593426
237 500 250000 24.888632
238 500 250000 2.403892
239 500 250000 2.372671
240 500 250000 1.766725
241 500 250000 1.786625
242 500 250000 1.802200
243 500 250000 1.332043
244 500 250000 5.075936
245 500 250000 1.800805
246 500 250000 1.758924
247 500 250000 1.799603
248 500 250000 1.899421
249 500 250000 2.511487
250 500 250000 2.526818
251 500 250000 1.865079
252 500 250000 1.803845
253 500 250000 1.786051
254 500 250000 1.788562
255 500 250000 1.872052
256 500 250000 1.776005
257 500 250000 1.796087
258 500 250000 1.787135
259 500 250000 1.792114
260 500 250000 1.795931
261 500 250000 1.804056
262 500 250000 1.549656
263 500 250000 2.234670
264 500 250000 2.390473
265 500 250000 1.164302
266 500 250000 1.638776
267 500 250000 1.803320
268 500 250000 1.806031
269 500 250000 1.598487
270 500 250000 1.777282
271 500 250000 1.775610
272 500 250000 1.787139
273 500 250000 2.318478
274 500 250000 1.855862
275 500 250000 7.613381
276 500 250000 13.817801
277 500 250000 1.790969
278 500 250000 1.829465
279 500 250000 1.806233
280 500 250000 2.800127
281 500 250000 14.784106
282 500 250000 2.402176
283 500 250000 1.833533
284 500 250000 1.827721
285 500 250000 1.830095
286 500 250000 1.825259
287 500 250000 1.745945
288 500 250000 1.806861
289 500 250000 1.927599
290 500 250000 1.873687
291 500 250000 1.969947
292 500 250000 1.846264
293 500 250000 1.787096
294 500 250000 1.807285
295 500 250000 5.818733
296 500 250000 1.830750
297 500 250000 2.395796
298 500 250000 2.358420
299 500 250000 1.850359
300 500 250000 9.710161
301 500 250000 1.829241
302 500 250000 1.843044
303 500 250000 1.807281
304 500 250000 1.786286
305 500 250000 1.808535
306 500 250000 1.835055
307 500 250000 1.794446
308 500 250000 1.787107
309 500 250000 6.089809
310 500 250000 3.014880
311 500 250000 1.787857
312 500 250000 1.803904
313 500 250000 2.857558
314 500 250000 1.792013
315 500 250000 1.823603
316 500 250000 1.830710
317 500 250000 1.829360
318 500 250000 4.698274
319 500 250000 4.662703
320 500 250000 1.786607
321 500 250000 7.325980
322 500 250000 1.048181
323 500 250000 1.813571
324 500 250000 6.066794
325 500 250000 6.669145
326 500 250000 4.354555
327 500 250000 1.833842
328 500 250000 1.840464
329 500 250000 1.842077
330 500 250000 3.060993
331 500 250000 3.069837
332 500 250000 1.783987
333 500 250000 1.802485
334 500 250000 1.897306
335 500 250000 1.717356
336 500 250000 6.825232
337 500 250000 1.804977
338 500 250000 2.736484
339 500 250000 2.688613
340 500 250000 1.818923
341 500 250000 1.858081
342 500 250000 1.794271
343 500 250000 13.466672
344 500 250000 1.839547
345 500 250000 2.708735
346 500 250000 4.224416
347 500 250000 1.797579
348 500 250000 2.043986
349 500 250000 3.766615
350 500 250000 1.786488
351 500 250000 1.809239
352 500 250000 1.815319
353 500 250000 1.783939
354 500 250000 1.750940
355 500 250000 1.804086
356 500 250000 5.652523
357 500 250000 5.766368
358 500 250000 1.802300
359 500 250000 1.798182
360 500 250000 1.851131
361 500 250000 1.803796
362 500 250000 1.796327
363 500 250000 1.858741
364 500 250000 1.877834
365 500 250000 1.793018
366 500 250000 1.860616
367 500 250000 1.824461
368 500 250000 1.790299
369 500 250000 1.913581
370 500 250000 1.868704
371 500 250000 1.799050
372 500 250000 1.770865
373 500 250000 2.577049
374 500 250000 1.752095
375 500 250000 2.907893
376 500 250000 0.991539
377 500 250000 1.802779
378 500 250000 20.314569
379 500 250000 1.806724
380 500 250000 10.456790
381 500 250000 1.860144
382 500 250000 1.803881
383 500 250000 1.821584
384 500 250000 3.197549
385 500 250000 1.762790
386 500 250000 9.619003
387 500 250000 1.815323
388 500 250000 1.744940
389 500 250000 1.816045
390 500 250000 2.435169
391 500 250000 2.413462
392 500 250000 1.763556
393 500 250000 1.808092
394 500 250000 1.794356
395 500 250000 1.799337
396 500 250000 3.047251
397 500 250000 3.052087
398 500 250000 1.861561
399 500 250000 1.798273
400 500 250000 1.809555
401 500 250000 1.801177
402 500 250000 1.803930
403 500 250000 1.806558
404 500 250000 2.594508
405 500 250000 2.398891
406 500 250000 1.910078
407 500 250000 1.894971
408 500 250000 1.901701
409 500 250000 2.710890
410 500 250000 2.696492
411 500 250000 1.847738
412 500 250000 2.173320
413 500 250000 3.902070
414 500 250000 1.846776
415 500 250000 1.787899
416 500 250000 1.803580
417 500 250000 1.937206
418 500 250000 1.790138
419 500 250000 1.803951
420 500 250000 1.867490
421 500 250000 1.799539
422 500 250000 1.808398
423 500 250000 4.449488
424 500 250000 4.444523
425 500 250000 1.803220
426 500 250000 1.784717
427 500 250000 1.907102
428 500 250000 1.801723
429 500 250000 1.786193
430 500 250000 1.806469
431 500 250000 1.864346
432 500 250000 1.788871
433 500 250000 1.805827
434 500 250000 1.790303
435 500 250000 1.808720
436 500 250000 1.795258
437 500 250000 1.809750
438 500 250000 1.793402
439 500 250000 1.808845
440 500 250000 1.794548
441 500 250000 1.807178
442 500 250000 1.791429
443 500 250000 1.807572
444 500 250000 1.836866
445 500 250000 1.808949
446 500 250000 1.801126
447 500 250000 1.809743
448 500 250000 1.798817
449 500 250000 1.807257
450 500 250000 1.800354
451 500 250000 1.800052
452 500 250000 1.798875
453 500 250000 1.802430
454 500 250000 1.796686
455 500 250000 1.804196
456 500 250000 1.834487
457 500 250000 1.853735
458 500 250000 1.803584
459 500 250000 1.815495
460 500 250000 1.800048
461 500 250000 1.816793
462 500 250000 1.804792
463 500 250000 1.815859
464 500 250000 1.801791
465 500 250000 1.815445
466 500 250000 1.794480
467 500 250000 1.817584
468 500 250000 1.841009
469 500 250000 1.842931
470 500 250000 1.799457
471 500 250000 1.812232
472 500 250000 1.798347
473 500 250000 1.804720
474 500 250000 1.844728
475 500 250000 1.810080
476 500 250000 1.797418
477 500 250000 1.808250
478 500 250000 1.803729
479 500 250000 1.805832
480 500 250000 1.830418
481 500 250000 1.804263
482 500 250000 1.796214
483 500 250000 1.807878
484 500 250000 1.796534
485 500 250000 1.837550
486 500 250000 1.841905
487 500 250000 1.806542
488 500 250000 1.797539
489 500 250000 1.809448
490 500 250000 1.798197
491 500 250000 1.809984
492 500 250000 1.801860
493 500 250000 1.806848
494 500 250000 1.799006
495 500 250000 1.809719
496 500 250000 1.795695
497 500 250000 1.809092
498 500 250000 1.264658
499 500 250000 0.967868
Total_Patterns: 500   Total_Cells: 125000000, Time_by_pattern: 2.997550