0 0 50 10 5.493
1 1 50 10 5.081
2 2 50 10 5.118
3 3 50 10 5.17
4 4 50 10 5.179
5 5 50 10 5.162
6 6 50 10 4.984
7 7 50 10 4.981
8 8 50 10 4.825
9 9 50 10 5.344
10 10 50 10 4.844
11 11 50 10 5.164
12 12 50 10 4.848
13 13 50 10 4.746
14 14 50 10 4.814
15 15 50 10 4.843
16 16 50 10 4.894
17 17 50 10 4.931
18 18 50 10 4.906
19 19 50 10 4.86
20 20 50 10 4.909
21 21 50 10 4.883
22 22 50 10 4.9
23 23 50 10 4.997
24 24 50 10 4.928
25 25 50 10 4.883
26 26 50 10 4.904
27 27 50 10 4.884
28 28 50 10 4.872
29 29 50 10 4.96
30 30 50 10 4.981
31 31 50 10 4.925
32 32 50 10 4.909
33 33 50 10 4.914
34 34 50 10 4.896
35 35 50 10 4.807
36 36 50 10 4.782
37 37 50 10 4.919
38 38 50 10 4.852
39 39 50 10 4.806
40 40 50 10 4.837
41 41 50 10 4.768
42 42 50 10 4.839
43 43 50 10 4.844
44 44 50 10 4.855
45 45 50 10 4.811
46 46 50 10 4.763
47 47 50 10 4.782
48 48 50 10 4.8
49 49 50 10 4.778
50 50 50 10 4.738
51 51 50 10 4.73
52 52 50 10 4.78
53 53 50 10 4.743
54 54 50 10 4.745
55 55 50 10 4.734
56 56 50 10 4.782
57 57 50 10 4.787
58 58 50 10 4.757
59 59 50 10 4.757
60 60 50 10 4.803
61 61 50 10 4.764
62 62 50 10 4.858
63 63 50 10 4.846
64 64 50 10 4.852
65 65 50 10 4.787
66 66 50 10 4.809
67 67 50 10 4.911
68 68 50 10 4.84
69 69 50 10 4.812
70 70 50 10 4.809
71 71 50 10 4.792
72 72 50 10 4.783
73 73 50 10 4.717
74 74 50 10 4.748
75 75 50 10 4.754
76 76 50 10 4.756
77 77 50 10 4.783
78 78 50 10 4.812
79 79 50 10 4.764
80 80 50 10 4.81
81 81 50 10 4.82
82 82 50 10 4.806
83 83 50 10 4.797
84 84 50 10 4.783
85 85 50 10 4.807
86 86 50 10 4.778
87 87 50 10 4.809
88 88 50 10 4.781
89 89 50 10 4.787
90 90 50 10 4.755
91 91 50 10 4.781
92 92 50 10 4.775
93 93 50 10 4.814
94 94 50 10 4.806
95 95 50 10 4.8
96 96 50 10 4.824
97 97 50 10 4.806
98 98 50 10 4.821
99 99 50 10 4.752
100 100 50 10 4.772
101 101 50 10 4.757
102 102 50 10 4.838
103 103 50 10 4.735
104 104 50 10 4.807
105 105 50 10 4.78
106 106 50 10 4.849
107 107 50 10 5.043
108 108 50 10 5.127
109 109 50 10 5.693
110 110 50 10 7.088
111 111 50 10 5.023
112 112 50 10 5.497
113 113 50 10 5.174
114 114 50 10 5.071
115 115 50 10 4.986
116 116 50 10 5.047
117 117 50 10 5.071
118 118 50 10 4.995
119 119 50 10 4.985
120 120 50 10 5.055
121 121 50 10 5.038
122 122 50 10 5.043
123 123 50 10 4.944
124 124 50 10 4.957
125 125 50 10 4.882
126 126 50 10 4.955
127 127 50 10 4.951
128 128 50 10 5.022
129 129 50 10 4.983
130 130 50 10 5.057
131 131 50 10 4.963
132 132 50 10 4.974
133 133 50 10 5.011
134 134 50 10 4.933
135 135 50 10 4.98
136 136 50 10 4.999
137 137 50 10 4.984
138 138 50 10 5.033
139 139 50 10 4.915
140 140 50 10 5.016
141 141 50 10 4.977
142 142 50 10 4.973
143 143 50 10 4.986
144 144 50 10 5.019
145 145 50 10 5.017
146 146 50 10 5.029
147 147 50 10 5.027
148 148 50 10 4.966
149 149 50 10 4.961
150 150 50 10 4.97
151 151 50 10 4.914
152 152 50 10 4.762
153 153 50 10 4.823
154 154 50 10 4.812
155 155 50 10 4.807
156 156 50 10 4.798
157 157 50 10 4.789
158 158 50 10 4.737
159 159 50 10 4.767
160 160 50 10 4.805
161 161 50 10 4.788
162 162 50 10 4.717
163 163 50 10 4.825
164 164 50 10 4.766
165 165 50 10 4.79
166 166 50 10 4.767
167 167 50 10 4.819
168 168 50 10 4.779
169 169 50 10 4.814
170 170 50 10 4.788
171 171 50 10 4.783
172 172 50 10 4.805
173 173 50 10 4.82
174 174 50 10 4.835
175 175 50 10 4.749
176 176 50 10 4.814
177 177 50 10 4.799
178 178 50 10 4.797
179 179 50 10 4.797
180 180 50 10 4.809
181 181 50 10 4.803
182 182 50 10 4.815
183 183 50 10 4.759
184 184 50 10 4.857
185 185 50 10 4.805
186 186 50 10 4.782
187 187 50 10 4.815
188 188 50 10 4.816
189 189 50 10 4.805
190 190 50 10 4.792
191 191 50 10 4.789
192 192 50 10 4.821
193 193 50 10 4.975
194 194 50 10 4.901
195 195 50 10 4.735
196 196 50 10 4.903
197 197 50 10 4.815
198 198 50 10 4.783
199 199 50 10 4.812
200 200 50 10 4.78
201 201 50 10 4.778
202 202 50 10 4.827
203 203 50 10 4.763
204 204 50 10 4.933
205 205 50 10 4.835
206 206 50 10 4.848
207 207 50 10 4.802
208 208 50 10 5.208
209 209 50 10 5.26
210 210 50 10 5.109
211 211 50 10 5.012
212 212 50 10 5.004
213 213 50 10 4.966
214 214 50 10 5.022
215 215 50 10 5.034
216 216 50 10 4.991
217 217 50 10 4.981
218 218 50 10 5.012
219 219 50 10 4.962
220 220 50 10 5.009
221 221 50 10 5
222 222 50 10 5.002
223 223 50 10 5.023
224 224 50 10 5.014
225 225 50 10 4.961
226 226 50 10 5.002
227 227 50 10 5.075
228 228 50 10 4.97
229 229 50 10 4.974
230 230 50 10 5.002
231 231 50 10 5
232 232 50 10 4.988
233 233 50 10 5.001
234 234 50 10 5.01
235 235 50 10 5.011
236 236 50 10 5.048
237 237 50 10 5.026
238 238 50 10 4.969
239 239 50 10 5.043
240 240 50 10 5.017
241 241 50 10 5.045
242 242 50 10 5.078
243 243 50 10 4.978
244 244 50 10 5.015
245 245 50 10 5.042
246 246 50 10 4.978
247 247 50 10 4.994
248 248 50 10 5.042
249 249 50 10 4.942
250 250 50 10 4.981
251 251 50 10 4.954
252 252 50 10 4.953
253 253 50 10 4.992
254 254 50 10 4.947
255 255 50 10 4.992
256 256 50 10 5.015
257 257 50 10 4.95
258 258 50 10 4.972
259 259 50 10 5.048
260 260 50 10 5.01
261 261 50 10 4.968
262 262 50 10 4.97
263 263 50 10 5.01
264 264 50 10 4.983
265 265 50 10 4.952
266 266 50 10 5.02
267 267 50 10 5.011
268 268 50 10 4.983
269 269 50 10 4.953
270 270 50 10 4.945
271 271 50 10 5.005
272 272 50 10 4.959
273 273 50 10 4.901
274 274 50 10 4.989
275 275 50 10 4.942
276 276 50 10 5.029
277 277 50 10 4.961
278 278 50 10 4.998
279 279 50 10 4.963
280 280 50 10 5.044
281 281 50 10 5.027
282 282 50 10 5.047
283 283 50 10 4.957
284 284 50 10 4.936
285 285 50 10 4.965
286 286 50 10 4.949
287 287 50 10 5.017
288 288 50 10 4.995
289 289 50 10 4.992
290 290 50 10 5.002
291 291 50 10 5.048
292 292 50 10 5.03
293 293 50 10 5.016
294 294 50 10 5.023
295 295 50 10 4.939
296 296 50 10 4.995
297 297 50 10 4.929
298 298 50 10 5.045
299 299 50 10 4.972
300 300 50 10 5.006
301 301 50 10 4.98
302 302 50 10 5.023
303 303 50 10 5.012
304 304 50 10 5.01
305 305 50 10 4.973
306 306 50 10 4.982
307 307 50 10 5.04
308 308 50 10 5.041
309 309 50 10 5.037
310 310 50 10 5.04
311 311 50 10 5.071
312 312 50 10 5.052
313 313 50 10 5.089
314 314 50 10 5.116
315 315 50 10 5.082
316 316 50 10 5.05
317 317 50 10 4.984
318 318 50 10 5.029
319 319 50 10 5.042
320 320 50 10 4.98
321 321 50 10 4.949
322 322 50 10 5.012
323 323 50 10 4.995
324 324 50 10 4.994
325 325 50 10 4.977
326 326 50 10 5.025
327 327 50 10 4.944
328 328 50 10 5.006
329 329 50 10 5.026
330 330 50 10 4.962
331 331 50 10 5.011
332 332 50 10 5.011
333 333 50 10 4.929
334 334 50 10 5.008
335 335 50 10 4.985
336 336 50 10 4.976
337 337 50 10 4.945
338 338 50 10 5.048
339 339 50 10 5.084
340 340 50 10 4.968
341 341 50 10 5.056
342 342 50 10 5.025
343 343 50 10 5.001
344 344 50 10 4.979
345 345 50 10 5.003
346 346 50 10 5.03
347 347 50 10 4.965
348 348 50 10 4.933
349 349 50 10 4.956
350 350 50 10 4.96
351 351 50 10 4.966
352 352 50 10 4.978
353 353 50 10 5
354 354 50 10 4.988
355 355 50 10 4.98
356 356 50 10 5.04
357 357 50 10 5.016
358 358 50 10 5.008
359 359 50 10 4.996
360 360 50 10 4.962
361 361 50 10 4.981
362 362 50 10 4.953
363 363 50 10 5.047
364 364 50 10 4.975
365 365 50 10 5.034
366 366 50 10 4.961
367 367 50 10 5.013
368 368 50 10 5.011
369 369 50 10 5.007
370 370 50 10 4.997
371 371 50 10 4.925
372 372 50 10 4.977
373 373 50 10 4.962
374 374 50 10 5.054
375 375 50 10 4.994
376 376 50 10 5.018
377 377 50 10 4.956
378 378 50 10 5.019
379 379 50 10 5.004
380 380 50 10 4.992
381 381 50 10 5.031
382 382 50 10 4.772
383 383 50 10 4.728
384 384 50 10 4.805
385 385 50 10 4.786
386 386 50 10 4.706
387 387 50 10 4.754
388 388 50 10 4.785
389 389 50 10 4.831
390 390 50 10 4.852
391 391 50 10 4.867
392 392 50 10 4.801
393 393 50 10 4.819
394 394 50 10 4.775
395 395 50 10 4.774
396 396 50 10 4.86
397 397 50 10 4.824
398 398 50 10 4.779
399 399 50 10 4.777
400 400 50 10 4.79
401 401 50 10 4.817
402 402 50 10 4.816
403 403 50 10 4.767
404 404 50 10 4.863
405 405 50 10 4.858
406 406 50 10 4.917
407 407 50 10 4.817
408 408 50 10 4.794
409 409 50 10 4.754
410 410 50 10 4.749
411 411 50 10 4.755
412 412 50 10 4.766
413 413 50 10 4.792
414 414 50 10 4.815
415 415 50 10 4.772
416 416 50 10 4.784
417 417 50 10 4.831
418 418 50 10 4.776
419 419 50 10 4.774
420 420 50 10 4.852
421 421 50 10 4.767
422 422 50 10 4.812
423 423 50 10 4.703
424 424 50 10 4.826
425 425 50 10 4.778
426 426 50 10 4.819
427 427 50 10 4.759
428 428 50 10 4.753
429 429 50 10 4.759
430 430 50 10 4.805
431 431 50 10 4.794
432 432 50 10 4.775
433 433 50 10 4.757
434 434 50 10 5.141
435 435 50 10 4.779
436 436 50 10 4.815
437 437 50 10 4.774
438 438 50 10 4.807
439 439 50 10 4.796
440 440 50 10 4.771
441 441 50 10 4.774
442 442 50 10 4.764
443 443 50 10 4.785
444 444 50 10 4.836
445 445 50 10 4.732
446 446 50 10 4.711
447 447 50 10 4.777
448 448 50 10 4.742
449 449 50 10 4.712
450 450 50 10 4.756
451 451 50 10 4.837
452 452 50 10 4.732
453 453 50 10 4.839
454 454 50 10 4.778
455 455 50 10 4.836
456 456 50 10 4.821
457 457 50 10 4.812
458 458 50 10 4.782
459 459 50 10 4.769
460 460 50 10 4.803
461 461 50 10 4.737
462 462 50 10 4.757
463 463 50 10 4.731
464 464 50 10 4.768
465 465 50 10 4.969
466 466 50 10 4.939
467 467 50 10 4.824
468 468 50 10 4.853
469 469 50 10 4.868
470 470 50 10 4.763
471 471 50 10 4.779
472 472 50 10 4.773
473 473 50 10 4.79
474 474 50 10 4.781
475 475 50 10 4.777
476 476 50 10 4.819
477 477 50 10 4.856
478 478 50 10 4.826
479 479 50 10 4.778
480 480 50 10 4.747
481 481 50 10 4.778
482 482 50 10 4.772
483 483 50 10 4.849
484 484 50 10 4.858
485 485 50 10 4.845
486 486 50 10 4.884
487 487 50 10 4.784
488 488 50 10 4.821
489 489 50 10 4.764
490 490 50 10 4.805
491 491 50 10 4.83
492 492 50 10 4.827
493 493 50 10 4.824
494 494 50 10 4.824
495 495 50 10 4.809
496 496 50 10 4.786
497 497 50 10 4.879
498 498 50 10 4.761
499 499 50 10 4.748
500 500 50 10 4.831
501 501 50 10 4.729
502 502 50 10 5.059
503 503 50 10 5.022
504 504 50 10 5.029
505 505 50 10 5.088
506 506 50 10 4.994
507 507 50 10 4.997
508 508 50 10 5.473
509 509 50 10 5.14
510 510 50 10 5.138
511 511 50 10 5.257
512 512 50 10 5.173
513 513 50 10 5.071
514 514 50 10 5.024
515 515 50 10 5.081
516 516 50 10 5.084
517 517 50 10 4.929
518 518 50 10 5.258
519 519 50 10 5.118
520 520 50 10 4.995
521 521 50 10 5.003
522 522 50 10 5.017
523 523 50 10 4.992
524 524 50 10 4.961
525 525 50 10 4.997
526 526 50 10 4.996
527 527 50 10 4.998
528 528 50 10 5.058
529 529 50 10 4.955
530 530 50 10 5.024
531 531 50 10 4.993
532 532 50 10 4.999
533 533 50 10 5.036
534 534 50 10 4.939
535 535 50 10 4.982
536 536 50 10 4.988
537 537 50 10 5.027
538 538 50 10 4.943
539 539 50 10 4.77
540 540 50 10 4.851
541 541 50 10 4.804
542 542 50 10 4.823
543 543 50 10 4.801
544 544 50 10 4.801
545 545 50 10 4.747
546 546 50 10 4.811
547 547 50 10 5.238
548 548 50 10 5.132
549 549 50 10 5.22
550 550 50 10 5.092
551 551 50 10 5.088
552 552 50 10 5.016
553 553 50 10 5.303
554 554 50 10 5.022
555 555 50 10 5.078
556 556 50 10 5.233
557 557 50 10 4.99
558 558 50 10 5.027
559 559 50 10 5.009
560 560 50 10 5.022
561 561 50 10 4.943
562 562 50 10 5.057
563 563 50 10 4.98
564 564 50 10 5.017
565 565 50 10 5.044
566 566 50 10 5.046
567 567 50 10 5.032
568 568 50 10 4.961
569 569 50 10 4.954
570 570 50 10 5.003
571 571 50 10 4.977
572 572 50 10 5.038
573 573 50 10 4.976
574 574 50 10 5.057
575 575 50 10 5.043
576 576 50 10 5.015
577 577 50 10 5.027
578 578 50 10 5.057
579 579 50 10 4.964
580 580 50 10 5.042
581 581 50 10 5.019
582 582 50 10 5.069
583 583 50 10 5.053
584 584 50 10 5.105
585 585 50 10 5.044
586 586 50 10 5.073
587 587 50 10 5.037
588 588 50 10 5.023
589 589 50 10 5.017
590 590 50 10 5.037
591 591 50 10 4.947
592 592 50 10 4.982
593 593 50 10 4.976
594 594 50 10 5.036
595 595 50 10 4.978
596 596 50 10 5.047
597 597 50 10 5.027
598 598 50 10 5.041
599 599 50 10 5.029
600 600 50 10 4.996
601 601 50 10 5.002
602 602 50 10 5.036
603 603 50 10 4.961
604 604 50 10 5.047
605 605 50 10 5.034
606 606 50 10 5.042
607 607 50 10 5.044
608 608 50 10 5.005
609 609 50 10 4.958
610 610 50 10 5.059
611 611 50 10 4.946
612 612 50 10 4.98
613 613 50 10 5.045
614 614 50 10 4.966
615 615 50 10 5.06
616 616 50 10 5.044
617 617 50 10 5.011
618 618 50 10 4.942
619 619 50 10 4.971
620 620 50 10 4.983
621 621 50 10 4.998
622 622 50 10 5.037
623 623 50 10 4.984
624 624 50 10 5.003
625 625 50 10 5.005
626 626 50 10 4.992
627 627 50 10 4.953
628 628 50 10 4.979
629 629 50 10 5.06
630 630 50 10 5.029
631 631 50 10 4.974
632 632 50 10 5.095
633 633 50 10 4.981
634 634 50 10 4.984
635 635 50 10 5.09
636 636 50 10 4.984
637 637 50 10 4.995
638 638 50 10 5.028
639 639 50 10 5.009
640 640 50 10 4.981
641 641 50 10 4.939
642 642 50 10 5.023
643 643 50 10 5.006
644 644 50 10 5.024
645 645 50 10 5.043
646 646 50 10 5.023
647 647 50 10 4.97
648 648 50 10 5.002
649 649 50 10 5.026
650 650 50 10 4.949
651 651 50 10 4.981
652 652 50 10 4.997
653 653 50 10 4.97
654 654 50 10 5
655 655 50 10 5.004
656 656 50 10 5.025
657 657 50 10 5.022
658 658 50 10 5.039
659 659 50 10 5.002
660 660 50 10 5.046
661 661 50 10 4.997
662 662 50 10 5.031
663 663 50 10 5.008
664 664 50 10 4.966
665 665 50 10 4.996
666 666 50 10 4.992
667 667 50 10 4.973
668 668 50 10 5.037
669 669 50 10 4.997
670 670 50 10 5.03
671 671 50 10 5.015
672 672 50 10 4.986
673 673 50 10 5.028
674 674 50 10 5.007
675 675 50 10 5.045
676 676 50 10 5.027
677 677 50 10 5.035
678 678 50 10 5.002
679 679 50 10 5.037
680 680 50 10 5.021
681 681 50 10 4.991
682 682 50 10 5.009
683 683 50 10 5.084
684 684 50 10 4.969
685 685 50 10 5.051
686 686 50 10 5.025
687 687 50 10 5.047
688 688 50 10 5.044
689 689 50 10 5.012
690 690 50 10 5.019
691 691 50 10 5.01
692 692 50 10 5.015
693 693 50 10 5.334
694 694 50 10 4.978
695 695 50 10 5.103
696 696 50 10 5.061
697 697 50 10 4.991
698 698 50 10 5.028
699 699 50 10 5.011
700 700 50 10 4.995
701 701 50 10 5.081
702 702 50 10 4.975
703 703 50 10 5.004
704 704 50 10 5.017
705 705 50 10 5.065
706 706 50 10 5.03
707 707 50 10 5.041
708 708 50 10 5.094
709 709 50 10 5.013
710 710 50 10 5.026
711 711 50 10 5.067
712 712 50 10 4.985
713 713 50 10 5.122
714 714 50 10 5.064
715 715 50 10 5.054
716 716 50 10 5.044
717 717 50 10 5.061
718 718 50 10 4.991
719 719 50 10 4.965
720 720 50 10 5.147
721 721 50 10 5.242
722 722 50 10 5.097
723 723 50 10 5.069
724 724 50 10 5.227
725 725 50 10 4.975
726 726 50 10 5.035
727 727 50 10 4.988
728 728 50 10 5.003
729 729 50 10 5.075
730 730 50 10 5.342
731 731 50 10 5.026
732 732 50 10 5.132
733 733 50 10 5.33
734 734 50 10 5.129
735 735 50 10 5.109
736 736 50 10 5.269
737 737 50 10 5.016
738 738 50 10 5.139
739 739 50 10 5.411
740 740 50 10 5.008
741 741 50 10 4.996
742 742 50 10 5.018
743 743 50 10 5.003
744 744 50 10 5.06
745 745 50 10 5.068
746 746 50 10 4.999
747 747 50 10 5.028
748 748 50 10 5.01
749 749 50 10 5.119
750 750 50 10 5.041
751 751 50 10 5.274
752 752 50 10 5.081
753 753 50 10 5.046
754 754 50 10 5.074
755 755 50 10 4.985
756 756 50 10 5.02
757 757 50 10 5.108
758 758 50 10 4.99
759 759 50 10 5
760 760 50 10 5.135
761 761 50 10 5.011
762 762 50 10 4.987
763 763 50 10 4.962
764 764 50 10 4.952
765 765 50 10 5.039
766 766 50 10 5.137
767 767 50 10 5.043
768 768 50 10 5.031
769 769 50 10 5.012
770 770 50 10 5.095
771 771 50 10 5.03
772 772 50 10 5.07
773 773 50 10 5.068
774 774 50 10 5.044
775 775 50 10 4.974
776 776 50 10 4.987
777 777 50 10 5.038
778 778 50 10 5.004
779 779 50 10 4.972
780 780 50 10 4.98
781 781 50 10 4.981
782 782 50 10 5.01
783 783 50 10 4.961
784 784 50 10 4.96
785 785 50 10 5.004
786 786 50 10 4.985
787 787 50 10 5.021
788 788 50 10 4.968
789 789 50 10 5.057
790 790 50 10 5.032
791 791 50 10 5.031
792 792 50 10 5.107
793 793 50 10 5.044
794 794 50 10 5.012
795 795 50 10 4.925
796 796 50 10 5.034
797 797 50 10 5.012
798 798 50 10 4.965
799 799 50 10 5.011
800 800 50 10 4.991
801 801 50 10 5.015
802 802 50 10 5.049
803 803 50 10 4.83
804 804 50 10 4.932
805 805 50 10 4.898
806 806 50 10 4.786
807 807 50 10 4.764
808 808 50 10 5.606
809 809 50 10 4.873
810 810 50 10 4.837
811 811 50 10 5.119
812 812 50 10 4.746
813 813 50 10 4.824
814 814 50 10 4.943
815 815 50 10 4.834
816 816 50 10 4.929
817 817 50 10 4.867
818 818 50 10 4.823
819 819 50 10 4.768
820 820 50 10 4.79
821 821 50 10 4.926
822 822 50 10 4.805
823 823 50 10 4.925
824 824 50 10 5.016
825 825 50 10 4.9
826 826 50 10 4.87
827 827 50 10 4.87
828 828 50 10 4.812
829 829 50 10 4.831
830 830 50 10 4.935
831 831 50 10 4.879
832 832 50 10 4.915
833 833 50 10 4.978
834 834 50 10 4.896
835 835 50 10 4.92
836 836 50 10 4.889
837 837 50 10 4.912
838 838 50 10 4.907
839 839 50 10 4.898
840 840 50 10 4.985
841 841 50 10 4.911
842 842 50 10 4.828
843 843 50 10 4.984
844 844 50 10 5.116
845 845 50 10 4.811
846 846 50 10 4.87
847 847 50 10 4.91
848 848 50 10 4.868
849 849 50 10 4.808
850 850 50 10 4.883
851 851 50 10 4.947
852 852 50 10 4.843
853 853 50 10 5.359
854 854 50 10 4.834
855 855 50 10 4.782
856 856 50 10 4.92
857 857 50 10 4.782
858 858 50 10 4.806
859 859 50 10 4.921
860 860 50 10 4.787
861 861 50 10 4.798
862 862 50 10 4.783
863 863 50 10 4.994
864 864 50 10 4.797
865 865 50 10 4.822
866 866 50 10 4.903
867 867 50 10 4.774
868 868 50 10 4.765
869 869 50 10 4.871
870 870 50 10 4.718
871 871 50 10 4.819
872 872 50 10 4.777
873 873 50 10 4.926
874 874 50 10 4.762
875 875 50 10 4.79
876 876 50 10 4.885
877 877 50 10 4.711
878 878 50 10 4.791
879 879 50 10 4.938
880 880 50 10 4.73
881 881 50 10 4.821
882 882 50 10 4.863
883 883 50 10 4.812
884 884 50 10 4.783
885 885 50 10 4.857
886 886 50 10 4.881
887 887 50 10 4.75
888 888 50 10 4.739
889 889 50 10 4.867
890 890 50 10 4.759
891 891 50 10 4.685
892 892 50 10 4.949
893 893 50 10 4.782
894 894 50 10 4.766
895 895 50 10 4.746
896 896 50 10 4.895
897 897 50 10 4.781
898 898 50 10 4.816
899 899 50 10 4.91
900 900 50 10 4.821
901 901 50 10 4.797
902 902 50 10 5.108
903 903 50 10 4.835
904 904 50 10 4.767
905 905 50 10 4.979
906 906 50 10 4.847
907 907 50 10 4.848
908 908 50 10 4.795
909 909 50 10 4.879
910 910 50 10 4.845
911 911 50 10 4.803
912 912 50 10 4.936
913 913 50 10 4.839
914 914 50 10 4.791
915 915 50 10 4.95
916 916 50 10 4.853
917 917 50 10 4.723
918 918 50 10 4.745
919 919 50 10 4.779
920 920 50 10 4.777
921 921 50 10 5.179
922 922 50 10 5.302
923 923 50 10 5.038
924 924 50 10 5.054
925 925 50 10 5.526
926 926 50 10 4.89
927 927 50 10 4.847
928 928 50 10 5.362
929 929 50 10 5.132
930 930 50 10 5.043
931 931 50 10 5.133
932 932 50 10 5.216
933 933 50 10 5.283
934 934 50 10 5.173
935 935 50 10 5.139
936 936 50 10 4.97
937 937 50 10 4.993
938 938 50 10 4.737
939 939 50 10 5.077
940 940 50 10 5.076
941 941 50 10 5.02
942 942 50 10 4.985
943 943 50 10 4.984
944 944 50 10 5.012
945 945 50 10 4.998
946 946 50 10 5.044
947 947 50 10 5.063
948 948 50 10 4.976
949 949 50 10 4.948
950 950 50 10 5.07
951 951 50 10 5.038
952 952 50 10 4.972
953 953 50 10 4.997
954 954 50 10 4.998
955 955 50 10 5.022
956 956 50 10 4.994
957 957 50 10 5.053
958 958 50 10 4.764
959 959 50 10 4.911
960 960 50 10 4.88
961 961 50 10 4.794
962 962 50 10 4.772
963 963 50 10 5.001
964 964 50 10 4.769
965 965 50 10 4.787
966 966 50 10 4.918
967 967 50 10 4.79
968 968 50 10 4.777
969 969 50 10 4.891
970 970 50 10 4.734
971 971 50 10 4.752
972 972 50 10 4.763
973 973 50 10 5.038
974 974 50 10 4.801
975 975 50 10 4.842
976 976 50 10 4.938
977 977 50 10 4.774
978 978 50 10 4.776
979 979 50 10 4.932
980 980 50 10 4.788
981 981 50 10 4.756
982 982 50 10 4.927
983 983 50 10 4.789
984 984 50 10 4.762
985 985 50 10 4.842
986 986 50 10 4.966
987 987 50 10 4.761
988 988 50 10 4.814
989 989 50 10 4.985
990 990 50 10 4.791
991 991 50 10 4.798
992 992 50 10 4.943
993 993 50 10 4.82
994 994 50 10 4.805
995 995 50 10 4.799
996 996 50 10 4.799
997 997 50 10 4.789
998 998 50 10 4.773
999 999 50 10 4.885
1000 500000 4940.95 101.195