0 100 50 100 49.7758
1 500 50 100 51.1348
2 0 50 100 70.16
3 900 50 100 71.2679
4 700 50 100 73.0046
5 200 50 100 72.9599
6 800 50 100 73.0153
7 400 50 100 73.7071
8 300 50 100 74.0373
9 600 50 100 74.0479
10 101 50 100 45.8882
11 501 50 100 46.8467
12 1 50 100 68.0789
13 901 50 100 68.7994
14 102 50 100 46.3162
15 502 50 100 46.5143
16 701 50 100 70.904
17 801 50 100 70.9514
18 201 50 100 71.1869
19 401 50 100 71.1295
20 301 50 100 71.4355
21 601 50 100 72.0052
22 103 50 100 45.6199
23 503 50 100 46.2882
24 2 50 100 68.3111
25 902 50 100 70.6396
26 702 50 100 69.6431
27 802 50 100 70.8557
28 202 50 100 71.3557
29 602 50 100 70.9797
30 402 50 100 72.3668
31 302 50 100 71.79
32 104 50 100 45.7568
33 504 50 100 46.8183
34 3 50 100 69.2449
35 105 50 100 45.816
36 903 50 100 69.0736
37 505 50 100 45.3821
38 703 50 100 71.3656
39 803 50 100 70.6053
40 203 50 100 70.3697
41 403 50 100 71.2067
42 303 50 100 71.1108
43 603 50 100 71.5935
44 106 50 100 46.1534
45 506 50 100 46.116
46 4 50 100 68.4173
47 904 50 100 68.0515
48 704 50 100 70.4071
49 804 50 100 70.8139
50 204 50 100 71.1689
51 604 50 100 70.4613
52 304 50 100 71.8102
53 404 50 100 72.1048
54 107 50 100 46.4191
55 507 50 100 45.9352
56 5 50 100 68.8428
57 108 50 100 45.5038
58 905 50 100 69.253
59 508 50 100 46.4353
60 705 50 100 70.6604
61 805 50 100 71.3202
62 205 50 100 71.4703
63 605 50 100 71.4354
64 305 50 100 72.1202
65 405 50 100 71.9877
66 109 50 100 47.2123
67 509 50 100 46.2682
68 6 50 100 68.9084
69 906 50 100 68.873
70 706 50 100 71.101
71 806 50 100 69.9151
72 206 50 100 69.8773
73 606 50 100 71.5508
74 306 50 100 71.0757
75 406 50 100 71.7327
76 110 50 100 46.8773
77 510 50 100 46.7569
78 7 50 100 69.7276
79 907 50 100 68.9125
80 111 50 100 46.6548
81 511 50 100 44.9843
82 807 50 100 70.1442
83 707 50 100 70.9038
84 207 50 100 71.5114
85 607 50 100 71.3299
86 307 50 100 70.9981
87 407 50 100 71.858
88 112 50 100 47.4446
89 512 50 100 46.3204
90 8 50 100 68.9129
91 908 50 100 69.2463
92 808 50 100 71.4008
93 708 50 100 71.7361
94 208 50 100 69.8027
95 608 50 100 70.9939
96 308 50 100 71.7893
97 408 50 100 70.4722
98 113 50 100 45.5203
99 513 50 100 46.6953
100 9 50 100 69.557
101 909 50 100 68.4479
102 114 50 100 46.8142
103 514 50 100 45.9407
104 709 50 100 70.2159
105 809 50 100 71.1746
106 209 50 100 71.4409
107 609 50 100 71.9749
108 309 50 100 70.6352
109 409 50 100 71.24
110 115 50 100 46.2925
111 515 50 100 46.2421
112 10 50 100 68.8707
113 910 50 100 69.2665
114 810 50 100 70.639
115 210 50 100 70.4037
116 710 50 100 71.7767
117 610 50 100 71.1014
118 410 50 100 70.8431
119 310 50 100 71.7905
120 116 50 100 46.2807
121 516 50 100 46.4575
122 11 50 100 69.1488
123 911 50 100 68.5313
124 117 50 100 45.8236
125 517 50 100 46.5039
126 211 50 100 70.1466
127 811 50 100 70.9493
128 711 50 100 70.2334
129 311 50 100 69.8918
130 611 50 100 71.7833
131 411 50 100 71.6169
132 118 50 100 46.2845
133 518 50 100 45.9658
134 12 50 100 68.6729
135 912 50 100 68.744
136 212 50 100 71.2268
137 712 50 100 71.2211
138 812 50 100 71.4643
139 119 50 100 47.0561
140 519 50 100 46.212
141 312 50 100 70.5276
142 612 50 100 70.4001
143 412 50 100 70.9829
144 13 50 100 69.2509
145 913 50 100 69.3217
146 120 50 100 45.959
147 520 50 100 46.5152
148 213 50 100 70.7486
149 713 50 100 70.7549
150 813 50 100 70.7058
151 313 50 100 70.2692
152 613 50 100 70.779
153 413 50 100 72.0972
154 121 50 100 46.9128
155 521 50 100 46.6149
156 14 50 100 69.0977
157 914 50 100 68.5652
158 814 50 100 70.3735
159 214 50 100 70.9565
160 714 50 100 70.9133
161 122 50 100 46.6913
162 522 50 100 46.4974
163 314 50 100 71.0252
164 614 50 100 70.1092
165 414 50 100 70.75
166 15 50 100 69.913
167 915 50 100 68.6947
168 123 50 100 45.8506
169 523 50 100 46.3351
170 215 50 100 70.9904
171 715 50 100 71.1754
172 815 50 100 71.6348
173 615 50 100 69.9735
174 315 50 100 70.781
175 415 50 100 71.0917
176 124 50 100 45.7797
177 524 50 100 45.6858
178 16 50 100 68.4178
179 916 50 100 68.9666
180 216 50 100 70.3791
181 125 50 100 46.3401
182 525 50 100 46.1546
183 816 50 100 70.8147
184 716 50 100 71.6786
185 616 50 100 70.7665
186 316 50 100 70.8237
187 416 50 100 70.404
188 17 50 100 68.4632
189 917 50 100 68.3072
190 526 50 100 45.8223
191 126 50 100 46.6537
192 217 50 100 70.1943
193 817 50 100 70.3408
194 717 50 100 71.5515
195 617 50 100 70.8537
196 317 50 100 70.9812
197 417 50 100 71.5293
198 527 50 100 45.5014
199 127 50 100 46.2229
200 18 50 100 68.6616
201 918 50 100 69.9626
202 528 50 100 46.1644
203 128 50 100 46.3114
204 218 50 100 70.408
205 818 50 100 71.5208
206 718 50 100 71.0302
207 618 50 100 71.5222
208 318 50 100 70.9194
209 418 50 100 71.0133
210 19 50 100 69.2443
211 919 50 100 69.4528
212 529 50 100 46.0957
213 129 50 100 45.877
214 219 50 100 71.323
215 819 50 100 70.3449
216 719 50 100 71.2945
217 619 50 100 70.6104
218 319 50 100 71.66
219 419 50 100 71.4766
220 530 50 100 46.411
221 130 50 100 45.9575
222 20 50 100 68.6219
223 920 50 100 67.3029
224 531 50 100 46.2211
225 131 50 100 46.5102
226 220 50 100 70.1232
227 820 50 100 70.1448
228 720 50 100 71.5868
229 620 50 100 71.2775
230 320 50 100 70.9174
231 420 50 100 71.5104
232 21 50 100 69.0155
233 921 50 100 69.0476
234 532 50 100 46.5155
235 132 50 100 46.6427
236 221 50 100 70.5517
237 821 50 100 70.1478
238 721 50 100 71.2334
239 621 50 100 70.674
240 321 50 100 71.0829
241 421 50 100 70.4273
242 533 50 100 46.3203
243 133 50 100 46.9834
244 22 50 100 68.7001
245 922 50 100 68.7474
246 534 50 100 46.178
247 134 50 100 46.373
248 822 50 100 70.0457
249 222 50 100 71.4243
250 722 50 100 71.3736
251 622 50 100 70.6672
252 322 50 100 70.9193
253 422 50 100 70.4528
254 923 50 100 68.8078
255 23 50 100 70.1371
256 535 50 100 46.4009
257 135 50 100 46.9509
258 823 50 100 70.2168
259 223 50 100 71.0502
260 723 50 100 71.0253
261 623 50 100 71.1478
262 323 50 100 71.7132
263 423 50 100 71.8202
264 536 50 100 46.1972
265 136 50 100 45.9507
266 924 50 100 68.6957
267 24 50 100 68.99
268 537 50 100 45.7961
269 137 50 100 45.6466
270 824 50 100 71.8859
271 224 50 100 70.4934
272 724 50 100 70.2214
273 624 50 100 71.2034
274 324 50 100 71.8713
275 424 50 100 71.0869
276 925 50 100 68.5887
277 25 50 100 68.2969
278 538 50 100 46.9121
279 138 50 100 48.8732
280 825 50 100 70.8589
281 225 50 100 71.3462
282 725 50 100 70.3144
283 625 50 100 70.457
284 325 50 100 70.741
285 539 50 100 46.6247
286 425 50 100 70.1168
287 139 50 100 46.1482
288 926 50 100 68.798
289 26 50 100 68.9788
290 540 50 100 45.6708
291 140 50 100 46.4562
292 826 50 100 69.3024
293 226 50 100 70.7576
294 726 50 100 71.0382
295 626 50 100 72.0994
296 326 50 100 70.5779
297 426 50 100 71.6962
298 27 50 100 68.1835
299 927 50 100 68.9168
300 541 50 100 46.9523
301 141 50 100 46.2574
302 827 50 100 70.7125
303 227 50 100 70.2368
304 727 50 100 70.5633
305 627 50 100 70.8889
306 542 50 100 46.6121
307 327 50 100 71.1594
308 142 50 100 46.4432
309 427 50 100 71.2562
310 928 50 100 68.4338
311 28 50 100 69.2223
312 543 50 100 46.3284
313 143 50 100 46.4321
314 828 50 100 69.77
315 228 50 100 70.0803
316 728 50 100 71.2385
317 628 50 100 70.4576
318 328 50 100 71.0372
319 929 50 100 68.0437
320 428 50 100 70.8307
321 29 50 100 69.1454
322 544 50 100 46.6759
323 144 50 100 46.5713
324 829 50 100 70.3142
325 229 50 100 71.0566
326 729 50 100 72.0421
327 545 50 100 46.962
328 629 50 100 71.6329
329 930 50 100 67.4885
330 145 50 100 46.8647
331 329 50 100 70.7693
332 30 50 100 69.645
333 429 50 100 71.2107
334 546 50 100 46.3309
335 146 50 100 47.0415
336 830 50 100 70.8929
337 230 50 100 71.3633
338 730 50 100 71.0417
339 931 50 100 68.0166
340 630 50 100 71.4707
341 330 50 100 72.5383
342 31 50 100 70.2585
343 430 50 100 71.8888
344 547 50 100 46.8404
345 147 50 100 45.7801
346 831 50 100 72.0803
347 231 50 100 72.1976
348 932 50 100 67.674
349 548 50 100 45.5875
350 731 50 100 71.0193
351 148 50 100 46.1504
352 631 50 100 70.8318
353 32 50 100 69.9227
354 331 50 100 70.7676
355 431 50 100 70.9537
356 549 50 100 46.6537
357 149 50 100 47.0975
358 832 50 100 69.7326
359 933 50 100 68.7929
360 232 50 100 71.7959
361 732 50 100 70.3884
362 33 50 100 69.1409
363 632 50 100 71.737
364 332 50 100 71.1834
365 432 50 100 71.0795
366 550 50 100 46.7269
367 150 50 100 46.5084
368 833 50 100 71.346
369 934 50 100 68.6276
370 233 50 100 71.1165
371 551 50 100 49.0977
372 151 50 100 46.4514
373 733 50 100 71.5621
374 34 50 100 68.5889
375 633 50 100 70.9294
376 333 50 100 70.4699
377 433 50 100 70.8933
378 552 50 100 47.1385
379 152 50 100 46.257
380 834 50 100 70.424
381 935 50 100 68.4353
382 234 50 100 71.7717
383 35 50 100 68.3185
384 734 50 100 71.6059
385 634 50 100 69.9544
386 334 50 100 72.1074
387 434 50 100 70.0829
388 553 50 100 45.4714
389 153 50 100 45.6778
390 936 50 100 68.914
391 835 50 100 71.0186
392 554 50 100 46.3873
393 235 50 100 69.8824
394 154 50 100 46.4645
395 36 50 100 69.8523
396 735 50 100 71.4347
397 635 50 100 70.7708
398 335 50 100 71.2885
399 435 50 100 70.0899
400 555 50 100 45.866
401 155 50 100 47.316
402 937 50 100 68.2988
403 836 50 100 69.8235
404 37 50 100 68.9076
405 236 50 100 71.4778
406 736 50 100 71.9001
407 636 50 100 71.0009
408 436 50 100 71.1103
409 336 50 100 71.7239
410 556 50 100 46.4062
411 156 50 100 45.9587
412 938 50 100 68.7539
413 837 50 100 70.6572
414 557 50 100 46.5818
415 157 50 100 46.0007
416 38 50 100 69.3304
417 237 50 100 71.3169
418 737 50 100 70.7369
419 637 50 100 70.9758
420 437 50 100 70.9711
421 337 50 100 70.6585
422 158 50 100 45.5987
423 558 50 100 46.9121
424 939 50 100 69.1513
425 838 50 100 70.1148
426 39 50 100 68.4188
427 238 50 100 70.8829
428 738 50 100 70.8576
429 638 50 100 70.9941
430 438 50 100 70.9858
431 338 50 100 71.9626
432 159 50 100 46.5987
433 559 50 100 46.1067
434 940 50 100 68.3958
435 839 50 100 71.488
436 160 50 100 45.7202
437 40 50 100 69.2333
438 560 50 100 46.7812
439 239 50 100 71.5074
440 739 50 100 70.7125
441 639 50 100 70.7309
442 439 50 100 70.9804
443 339 50 100 71.1915
444 161 50 100 46.0515
445 561 50 100 46.3799
446 941 50 100 69.3131
447 41 50 100 68.3965
448 840 50 100 70.2804
449 240 50 100 72.4419
450 740 50 100 70.9643
451 640 50 100 70.5865
452 440 50 100 71.3037
453 340 50 100 71.2566
454 162 50 100 46.5044
455 562 50 100 46.4833
456 942 50 100 68.3945
457 42 50 100 69.2163
458 163 50 100 46.1864
459 563 50 100 46.828
460 841 50 100 71.4534
461 241 50 100 71.7622
462 741 50 100 70.6419
463 641 50 100 70.4425
464 441 50 100 71.0846
465 341 50 100 70.9931
466 164 50 100 48.7678
467 564 50 100 46.9087
468 943 50 100 68.7501
469 43 50 100 69.3943
470 842 50 100 71.5537
471 242 50 100 71.1679
472 642 50 100 71.367
473 742 50 100 71.848
474 442 50 100 70.4671
475 165 50 100 45.6331
476 565 50 100 46.4929
477 342 50 100 72.3538
478 944 50 100 69.4192
479 44 50 100 69.0377
480 166 50 100 46.42
481 566 50 100 46.3542
482 843 50 100 70.97
483 243 50 100 71.4277
484 743 50 100 70.3442
485 643 50 100 71.922
486 443 50 100 71.3008
487 343 50 100 70.9422
488 167 50 100 45.9095
489 567 50 100 46.23
490 945 50 100 68.5528
491 45 50 100 69
492 844 50 100 70.7311
493 244 50 100 71.6231
494 744 50 100 70.4886
495 644 50 100 71.1147
496 168 50 100 46.4399
497 444 50 100 70.066
498 568 50 100 46.038
499 344 50 100 70.6263
500 946 50 100 69.0105
501 46 50 100 69.1409
502 169 50 100 46.9039
503 569 50 100 46.2857
504 845 50 100 71.0572
505 245 50 100 70.7878
506 745 50 100 70.7589
507 645 50 100 71.7798
508 445 50 100 71.757
509 345 50 100 71.0414
510 170 50 100 46.5268
511 570 50 100 46.472
512 947 50 100 67.5402
513 47 50 100 69.095
514 846 50 100 71.5309
515 246 50 100 70.5959
516 746 50 100 69.8552
517 171 50 100 45.9044
518 571 50 100 46.9664
519 646 50 100 71.6239
520 446 50 100 71.7263
521 346 50 100 71.081
522 948 50 100 69.0542
523 48 50 100 68.3783
524 172 50 100 45.7455
525 572 50 100 45.8739
526 847 50 100 70.8496
527 247 50 100 71.015
528 747 50 100 71.3159
529 647 50 100 71.388
530 447 50 100 70.9788
531 347 50 100 70.3656
532 173 50 100 46.0672
533 573 50 100 45.1788
534 949 50 100 68.7091
535 49 50 100 69.1213
536 848 50 100 70.1186
537 174 50 100 45.8543
538 574 50 100 45.7231
539 748 50 100 70.7819
540 248 50 100 71.2172
541 648 50 100 71.4896
542 448 50 100 70.1907
543 348 50 100 70.8901
544 950 50 100 67.9864
545 50 50 100 68.8691
546 175 50 100 46.1916
547 575 50 100 46.4605
548 849 50 100 70.1675
549 249 50 100 71.0072
550 749 50 100 71.6144
551 649 50 100 70.8811
552 449 50 100 70.6991
553 349 50 100 71.7097
554 176 50 100 45.7645
555 576 50 100 46.566
556 951 50 100 68.063
557 51 50 100 68.4172
558 850 50 100 70.6209
559 177 50 100 46.6858
560 577 50 100 48.6476
561 250 50 100 70.2592
562 750 50 100 70.558
563 650 50 100 71.0722
564 450 50 100 72.1316
565 350 50 100 71.1031
566 952 50 100 69.2039
567 52 50 100 69.3536
568 178 50 100 46.3881
569 578 50 100 46.327
570 851 50 100 72.1777
571 751 50 100 70.6167
572 251 50 100 72.1481
573 651 50 100 70.2804
574 451 50 100 71.2147
575 351 50 100 70.8013
576 179 50 100 45.8545
577 579 50 100 46.1285
578 953 50 100 69.5037
579 53 50 100 68.4417
580 852 50 100 71.4773
581 180 50 100 46.6453
582 580 50 100 45.9187
583 752 50 100 71.0107
584 252 50 100 72.4085
585 652 50 100 70.9569
586 452 50 100 71.7037
587 352 50 100 70.31
588 954 50 100 69.2813
589 54 50 100 68.6266
590 181 50 100 46.7115
591 581 50 100 46.3464
592 853 50 100 70.5254
593 753 50 100 70.2805
594 253 50 100 70.8816
595 653 50 100 71.6386
596 453 50 100 71.0312
597 353 50 100 70.9826
598 182 50 100 46.1476
599 955 50 100 67.8505
600 582 50 100 46.5423
601 55 50 100 69.4003
602 854 50 100 71.013
603 183 50 100 46.8421
604 583 50 100 46.1815
605 754 50 100 71.121
606 254 50 100 71.3063
607 654 50 100 71.4194
608 354 50 100 70.8871
609 454 50 100 71.6526
610 956 50 100 68.5905
611 56 50 100 68.5226
612 184 50 100 45.9649
613 584 50 100 45.8002
614 855 50 100 70.3404
615 755 50 100 70.1317
616 255 50 100 70.6742
617 655 50 100 71.0614
618 355 50 100 70.9825
619 455 50 100 71.103
620 957 50 100 68.3163
621 185 50 100 46.138
622 585 50 100 46.1503
623 57 50 100 68.5991
624 186 50 100 46.1259
625 856 50 100 71.7058
626 586 50 100 46.4615
627 756 50 100 71.0408
628 256 50 100 71.0537
629 656 50 100 71.2285
630 356 50 100 70.93
631 958 50 100 69.5015
632 456 50 100 70.7177
633 58 50 100 69.1855
634 187 50 100 46.208
635 587 50 100 46.513
636 857 50 100 70.7532
637 757 50 100 70.2494
638 257 50 100 70.2463
639 657 50 100 69.9145
640 188 50 100 45.736
641 959 50 100 69.1545
642 457 50 100 69.2007
643 357 50 100 72.1611
644 588 50 100 46.4155
645 59 50 100 69.8702
646 189 50 100 46.4325
647 589 50 100 46.0625
648 858 50 100 70.6225
649 758 50 100 71.495
650 258 50 100 70.8364
651 960 50 100 68.2266
652 658 50 100 71.8873
653 458 50 100 70.873
654 358 50 100 71.4761
655 60 50 100 69.3018
656 190 50 100 48.9111
657 590 50 100 46.2333
658 859 50 100 70.5731
659 759 50 100 70.145
660 259 50 100 70.5637
661 961 50 100 69.1328
662 191 50 100 45.9519
663 659 50 100 71.6093
664 591 50 100 46.6637
665 459 50 100 71.3742
666 359 50 100 72.592
667 61 50 100 68.6062
668 192 50 100 46.3651
669 592 50 100 45.5083
670 860 50 100 71.5953
671 760 50 100 70.1787
672 260 50 100 70.9567
673 962 50 100 68.2885
674 660 50 100 71.4716
675 460 50 100 71.8146
676 360 50 100 70.4751
677 62 50 100 69.9654
678 193 50 100 45.9175
679 593 50 100 46.486
680 861 50 100 70.6225
681 761 50 100 70.4946
682 963 50 100 68.6764
683 261 50 100 71.4917
684 194 50 100 46.062
685 594 50 100 46.3841
686 661 50 100 70.4891
687 461 50 100 71.8536
688 361 50 100 71.323
689 63 50 100 68.8722
690 195 50 100 46.4551
691 595 50 100 46.8439
692 862 50 100 71.5999
693 762 50 100 70.9141
694 964 50 100 68.9901
695 262 50 100 70.3715
696 662 50 100 71.6953
697 462 50 100 70.9807
698 362 50 100 71.1024
699 64 50 100 69.335
700 196 50 100 46.3837
701 596 50 100 46.0328
702 863 50 100 71.4216
703 965 50 100 68.742
704 763 50 100 71.0286
705 197 50 100 46.082
706 263 50 100 70.489
707 597 50 100 46.0432
708 663 50 100 70.9278
709 463 50 100 70.3688
710 65 50 100 69.0807
711 363 50 100 71.2775
712 198 50 100 46.3305
713 598 50 100 46.3981
714 864 50 100 70.1662
715 966 50 100 68.9303
716 764 50 100 70.7002
717 264 50 100 70.6392
718 664 50 100 71.4679
719 66 50 100 68.2084
720 464 50 100 71.6167
721 364 50 100 71.1839
722 199 50 100 45.7403
723 599 50 100 46.0674
724 865 50 100 71.1644
725 967 50 100 69.224
726 765 50 100 71.6142
727 265 50 100 71.1113
728 67 50 100 68.9225
729 665 50 100 70.3054
730 365 50 100 66.0198
731 465 50 100 69.8234
732 866 50 100 49.7546
733 766 50 100 50.4012
734 366 50 100 46.7638
735 466 50 100 46.669
736 968 50 100 68.4514
737 266 50 100 70.5093
738 68 50 100 69.1184
739 666 50 100 70.6858
740 867 50 100 46.5926
741 767 50 100 46.3958
742 367 50 100 46.5419
743 467 50 100 46.5697
744 969 50 100 69.0968
745 868 50 100 48.1773
746 768 50 100 46.0654
747 267 50 100 71.564
748 69 50 100 69.0098
749 368 50 100 46.4617
750 468 50 100 46.1433
751 667 50 100 71.9885
752 869 50 100 46.2765
753 769 50 100 46.8446
754 369 50 100 46.7947
755 469 50 100 46.5378
756 970 50 100 68.4545
757 268 50 100 71.3965
758 70 50 100 68.9881
759 668 50 100 70.753
760 870 50 100 46.4784
761 770 50 100 46.1294
762 370 50 100 46.4796
763 470 50 100 47.0038
764 971 50 100 68.5373
765 871 50 100 46.6018
766 771 50 100 46.0435
767 71 50 100 69.374
768 269 50 100 70.2579
769 371 50 100 46.5379
770 471 50 100 45.9282
771 669 50 100 70.9518
772 872 50 100 46.2144
773 772 50 100 47.095
774 472 50 100 45.6708
775 372 50 100 46.2396
776 972 50 100 68.8159
777 72 50 100 69.0811
778 270 50 100 71.6288
779 670 50 100 71.6301
780 873 50 100 46.5455
781 773 50 100 46.23
782 473 50 100 46.6309
783 373 50 100 46.5095
784 973 50 100 68.7344
785 874 50 100 49.0472
786 774 50 100 46.0337
787 73 50 100 68.3791
788 474 50 100 45.9386
789 271 50 100 70.9632
790 374 50 100 46.5733
791 671 50 100 71.163
792 875 50 100 46.4297
793 775 50 100 46.0033
794 974 50 100 68.7812
795 375 50 100 45.677
796 475 50 100 46.7428
797 74 50 100 69.3363
798 272 50 100 70.5134
799 672 50 100 70.9678
800 876 50 100 45.9367
801 776 50 100 46.4842
802 376 50 100 46.0132
803 476 50 100 47.0493
804 975 50 100 68.754
805 877 50 100 46.469
806 777 50 100 46.0803
807 75 50 100 68.8225
808 377 50 100 46.8581
809 477 50 100 46.6438
810 273 50 100 70.935
811 673 50 100 69.6378
812 878 50 100 46.2894
813 778 50 100 46.6648
814 976 50 100 69.1266
815 378 50 100 46.4839
816 478 50 100 45.6845
817 76 50 100 68.124
818 274 50 100 71.3146
819 879 50 100 46.4997
820 674 50 100 71.0536
821 779 50 100 45.8335
822 479 50 100 45.3316
823 379 50 100 58.248
824 977 50 100 69.1038
825 880 50 100 48.3819
826 780 50 100 45.487
827 77 50 100 69.1134
828 480 50 100 46.8402
829 275 50 100 71.1084
830 675 50 100 70.1496
831 380 50 100 57.4675
832 881 50 100 46.3306
833 781 50 100 46.3884
834 978 50 100 68.4526
835 481 50 100 46.397
836 78 50 100 70.3911
837 381 50 100 46.2092
838 276 50 100 71.0579
839 882 50 100 46.2451
840 782 50 100 45.8339
841 676 50 100 70.444
842 482 50 100 49.357
843 979 50 100 68.3468
844 382 50 100 45.7624
845 783 50 100 46.1447
846 883 50 100 46.4508
847 79 50 100 69.6364
848 483 50 100 46.3771
849 277 50 100 71.5399
850 677 50 100 71.5941
851 383 50 100 46.5747
852 784 50 100 46.0449
853 884 50 100 46.2875
854 980 50 100 69.7966
855 484 50 100 46.0891
856 80 50 100 69.8035
857 384 50 100 46.1255
858 278 50 100 70.7846
859 785 50 100 46.5245
860 885 50 100 46.1062
861 678 50 100 71.472
862 485 50 100 46.0834
863 981 50 100 69.0005
864 385 50 100 46.744
865 886 50 100 46.2151
866 786 50 100 46.5233
867 81 50 100 69.8466
868 486 50 100 46.7662
869 279 50 100 71.1765
870 679 50 100 71.0625
871 386 50 100 46.7641
872 787 50 100 45.617
873 887 50 100 46.0165
874 982 50 100 68.8683
875 487 50 100 46.5722
876 82 50 100 69.1114
877 387 50 100 46.0133
878 788 50 100 45.9331
879 888 50 100 46.0634
880 280 50 100 70.1558
881 680 50 100 71.3488
882 488 50 100 46.3314
883 983 50 100 68.8623
884 388 50 100 45.9856
885 789 50 100 45.8292
886 889 50 100 46.4391
887 83 50 100 68.7251
888 489 50 100 46.1822
889 281 50 100 72.0484
890 681 50 100 70.6291
891 389 50 100 46.5393
892 790 50 100 46.1434
893 890 50 100 45.9719
894 984 50 100 67.7486
895 490 50 100 46.3631
896 84 50 100 69.3257
897 390 50 100 45.9905
898 791 50 100 46.4021
899 891 50 100 46.4016
900 282 50 100 70.0696
901 682 50 100 70.8462
902 491 50 100 45.9857
903 985 50 100 69.4202
904 391 50 100 45.9778
905 792 50 100 46.0604
906 892 50 100 46.8363
907 85 50 100 69.183
908 492 50 100 45.8153
909 283 50 100 71.7327
910 392 50 100 47.0336
911 683 50 100 70.5415
912 893 50 100 46.0805
913 793 50 100 48.3871
914 986 50 100 67.3653
915 493 50 100 46.4834
916 86 50 100 67.9801
917 393 50 100 46.246
918 894 50 100 46.0496
919 794 50 100 46.2432
920 284 50 100 70.8816
921 494 50 100 46.2848
922 684 50 100 71.0537
923 987 50 100 68.4781
924 394 50 100 45.8005
925 895 50 100 46.528
926 795 50 100 46.524
927 87 50 100 68.5918
928 495 50 100 46.0041
929 285 50 100 71.0538
930 395 50 100 46.0911
931 685 50 100 71.1278
932 896 50 100 45.3372
933 988 50 100 68.8767
934 796 50 100 46.1441
935 496 50 100 46.6972
936 88 50 100 69.3404
937 396 50 100 45.7661
938 897 50 100 46.4884
939 797 50 100 45.4535
940 286 50 100 71.3562
941 497 50 100 45.646
942 686 50 100 70.9274
943 989 50 100 69.5438
944 397 50 100 46.5402
945 898 50 100 46.7025
946 89 50 100 68.0439
947 798 50 100 46.7557
948 498 50 100 46.5854
949 398 50 100 46.1471
950 287 50 100 70.1108
951 687 50 100 71.2973
952 990 50 100 68.0811
953 899 50 100 45.8246
954 799 50 100 46.3206
955 499 50 100 46.1496
956 90 50 100 68.3536
957 399 50 100 45.7165
958 288 50 100 66.0507
959 688 50 100 64.066
960 991 50 100 61.5477
961 91 50 100 54.686
962 289 50 100 46.3628
963 689 50 100 46.1248
964 992 50 100 46.2817
965 92 50 100 45.9651
966 290 50 100 46.2226
967 690 50 100 46.3054
968 993 50 100 46.3145
969 93 50 100 46.7127
970 291 50 100 46.1542
971 691 50 100 45.9619
972 994 50 100 46.1859
973 94 50 100 46.5764
974 292 50 100 47.0864
975 692 50 100 46.1174
976 995 50 100 46.3656
977 95 50 100 46.7899
978 293 50 100 46.0122
979 693 50 100 46.0664
980 996 50 100 46.0032
981 96 50 100 46.2986
982 294 50 100 46.5035
983 694 50 100 45.8312
984 997 50 100 47.0981
985 97 50 100 45.799
986 295 50 100 46.1371
987 695 50 100 45.8963
988 998 50 100 46.1733
989 98 50 100 45.63
990 296 50 100 45.8978
991 696 50 100 46.3708
992 999 50 100 46.1104
993 99 50 100 46.6331
994 297 50 100 46.0319
995 697 50 100 46.6804
996 298 50 100 46.0028
997 698 50 100 44.2906
998 299 50 100 45.0377
999 699 50 100 44.1772
1000 5000000 61406.5 81.4246