Num_Pattern Value_N Num_Cells Time 
0 500 250000 3.793000
1 500 250000 0.735000
2 500 250000 0.660000
3 500 250000 0.660000
4 500 250000 0.660000
5 500 250000 0.703000
6 500 250000 0.667000
7 500 250000 0.674000
8 500 250000 0.674000
9 500 250000 0.666000
10 500 250000 0.691000
11 500 250000 0.666000
12 500 250000 0.666000
13 500 250000 0.674000
14 500 250000 0.667000
15 500 250000 0.666000
16 500 250000 0.675000
17 500 250000 0.666000
18 500 250000 0.667000
19 500 250000 0.675000
20 500 250000 0.667000
21 500 250000 0.667000
22 500 250000 0.666000
23 500 250000 0.666000
24 500 250000 0.665000
25 500 250000 0.666000
26 500 250000 0.674000
27 500 250000 0.667000
28 500 250000 0.672000
29 500 250000 0.667000
30 500 250000 0.674000
31 500 250000 0.666000
32 500 250000 0.666000
33 500 250000 0.666000
34 500 250000 0.667000
35 500 250000 0.667000
36 500 250000 0.677000
37 500 250000 0.666000
38 500 250000 0.675000
39 500 250000 0.667000
40 500 250000 0.674000
41 500 250000 0.667000
42 500 250000 0.667000
43 500 250000 0.667000
44 500 250000 0.676000
45 500 250000 0.666000
46 500 250000 0.667000
47 500 250000 0.666000
48 500 250000 0.666000
49 500 250000 0.666000
50 500 250000 0.667000
51 500 250000 0.666000
52 500 250000 0.661000
53 500 250000 0.661000
54 500 250000 0.660000
55 500 250000 0.670000
56 500 250000 0.660000
57 500 250000 0.660000
58 500 250000 0.670000
59 500 250000 0.660000
60 500 250000 0.668000
61 500 250000 0.660000
62 500 250000 0.669000
63 500 250000 0.668000
64 500 250000 0.667000
65 500 250000 0.660000
66 500 250000 0.660000
67 500 250000 0.661000
68 500 250000 0.661000
69 500 250000 0.661000
70 500 250000 0.660000
71 500 250000 0.662000
72 500 250000 0.660000
73 500 250000 0.661000
74 500 250000 0.660000
75 500 250000 0.661000
76 500 250000 0.660000
77 500 250000 0.661000
78 500 250000 0.660000
79 500 250000 0.660000
80 500 250000 0.661000
81 500 250000 0.798000
82 500 250000 0.661000
83 500 250000 0.662000
84 500 250000 0.660000
85 500 250000 0.661000
86 500 250000 0.660000
87 500 250000 0.675000
88 500 250000 0.660000
89 500 250000 0.675000
90 500 250000 0.662000
91 500 250000 0.660000
92 500 250000 0.667000
93 500 250000 0.702000
94 500 250000 0.675000
95 500 250000 0.702000
96 500 250000 0.670000
97 500 250000 0.667000
98 500 250000 0.661000
99 500 250000 0.668000
100 500 250000 0.663000
101 500 250000 0.667000
102 500 250000 0.663000
103 500 250000 0.660000
104 500 250000 0.669000
105 500 250000 0.667000
106 500 250000 0.667000
107 500 250000 0.667000
108 500 250000 0.667000
109 500 250000 0.667000
110 500 250000 0.675000
111 500 250000 0.668000
112 500 250000 0.668000
113 500 250000 0.668000
114 500 250000 0.667000
115 500 250000 0.667000
116 500 250000 0.667000
117 500 250000 0.668000
118 500 250000 0.667000
119 500 250000 0.686000
120 500 250000 0.702000
121 500 250000 0.667000
122 500 250000 0.668000
123 500 250000 0.660000
124 500 250000 0.660000
125 500 250000 0.660000
126 500 250000 0.661000
127 500 250000 0.678000
128 500 250000 0.745000
129 500 250000 0.662000
130 500 250000 0.662000
131 500 250000 0.661000
132 500 250000 0.661000
133 500 250000 0.660000
134 500 250000 0.662000
135 500 250000 0.668000
136 500 250000 0.671000
137 500 250000 0.664000
138 500 250000 0.667000
139 500 250000 0.758000
140 500 250000 0.661000
141 500 250000 0.660000
142 500 250000 0.660000
143 500 250000 0.660000
144 500 250000 0.660000
145 500 250000 0.660000
146 500 250000 0.660000
147 500 250000 0.660000
148 500 250000 0.697000
149 500 250000 0.715000
150 500 250000 0.660000
151 500 250000 0.661000
152 500 250000 0.660000
153 500 250000 0.660000
154 500 250000 0.660000
155 500 250000 0.662000
156 500 250000 0.661000
157 500 250000 0.660000
158 500 250000 0.660000
159 500 250000 0.660000
160 500 250000 0.661000
161 500 250000 0.661000
162 500 250000 0.661000
163 500 250000 0.661000
164 500 250000 0.660000
165 500 250000 0.660000
166 500 250000 0.661000
167 500 250000 0.661000
168 500 250000 0.662000
169 500 250000 0.663000
170 500 250000 0.662000
171 500 250000 0.662000
172 500 250000 0.662000
173 500 250000 0.663000
174 500 250000 0.663000
175 500 250000 0.662000
176 500 250000 0.665000
177 500 250000 0.662000
178 500 250000 0.684000
179 500 250000 0.680000
180 500 250000 0.683000
181 500 250000 0.680000
182 500 250000 0.683000
183 500 250000 0.679000
184 500 250000 0.688000
185 500 250000 0.681000
186 500 250000 0.664000
187 500 250000 0.664000
188 500 250000 0.669000
189 500 250000 0.663000
190 500 250000 0.683000
191 500 250000 0.668000
192 500 250000 0.666000
193 500 250000 0.666000
194 500 250000 0.676000
195 500 250000 0.686000
196 500 250000 0.668000
197 500 250000 0.669000
198 500 250000 0.661000
199 500 250000 0.661000
200 500 250000 0.666000
201 500 250000 0.663000
202 500 250000 0.668000
203 500 250000 0.664000
204 500 250000 0.667000
205 500 250000 0.663000
206 500 250000 0.663000
207 500 250000 0.663000
208 500 250000 0.670000
209 500 250000 0.691000
210 500 250000 0.667000
211 500 250000 0.668000
212 500 250000 0.667000
213 500 250000 0.668000
214 500 250000 0.663000
215 500 250000 0.663000
216 500 250000 0.661000
217 500 250000 0.660000
218 500 250000 0.663000
219 500 250000 0.663000
220 500 250000 0.660000
221 500 250000 0.669000
222 500 250000 0.667000
223 500 250000 0.667000
224 500 250000 0.667000
225 500 250000 0.667000
226 500 250000 0.667000
227 500 250000 0.669000
228 500 250000 0.663000
229 500 250000 0.664000
230 500 250000 0.660000
231 500 250000 0.661000
232 500 250000 0.661000
233 500 250000 0.660000
234 500 250000 0.660000
235 500 250000 0.660000
236 500 250000 0.660000
237 500 250000 0.665000
238 500 250000 0.660000
239 500 250000 0.661000
240 500 250000 0.660000
241 500 250000 0.660000
242 500 250000 0.660000
243 500 250000 0.660000
244 500 250000 0.660000
245 500 250000 0.660000
246 500 250000 0.660000
247 500 250000 0.660000
248 500 250000 0.661000
249 500 250000 0.661000
250 500 250000 0.660000
251 500 250000 0.660000
252 500 250000 0.662000
253 500 250000 0.660000
254 500 250000 0.661000
255 500 250000 0.661000
256 500 250000 0.660000
257 500 250000 0.661000
258 500 250000 0.660000
259 500 250000 0.661000
260 500 250000 0.659000
261 500 250000 0.661000
262 500 250000 0.661000
263 500 250000 0.660000
264 500 250000 0.660000
265 500 250000 0.660000
266 500 250000 0.660000
267 500 250000 0.659000
268 500 250000 0.660000
269 500 250000 0.661000
270 500 250000 0.661000
271 500 250000 0.661000
272 500 250000 0.661000
273 500 250000 0.660000
274 500 250000 0.660000
275 500 250000 0.661000
276 500 250000 0.660000
277 500 250000 0.661000
278 500 250000 0.660000
279 500 250000 0.661000
280 500 250000 0.660000
281 500 250000 0.660000
282 500 250000 0.660000
283 500 250000 0.661000
284 500 250000 0.661000
285 500 250000 0.661000
286 500 250000 0.659000
287 500 250000 0.661000
288 500 250000 0.660000
289 500 250000 0.660000
290 500 250000 0.661000
291 500 250000 0.660000
292 500 250000 0.663000
293 500 250000 0.663000
294 500 250000 0.663000
295 500 250000 0.663000
296 500 250000 0.663000
297 500 250000 0.662000
298 500 250000 0.664000
299 500 250000 0.756000
300 500 250000 0.666000
301 500 250000 0.666000
302 500 250000 0.674000
303 500 250000 0.666000
304 500 250000 0.661000
305 500 250000 0.661000
306 500 250000 0.660000
307 500 250000 0.660000
308 500 250000 0.661000
309 500 250000 0.660000
310 500 250000 0.660000
311 500 250000 0.661000
312 500 250000 0.660000
313 500 250000 0.660000
314 500 250000 0.661000
315 500 250000 0.660000
316 500 250000 0.660000
317 500 250000 0.661000
318 500 250000 0.661000
319 500 250000 0.660000
320 500 250000 0.660000
321 500 250000 0.662000
322 500 250000 0.660000
323 500 250000 0.660000
324 500 250000 0.660000
325 500 250000 0.660000
326 500 250000 0.660000
327 500 250000 0.660000
328 500 250000 0.660000
329 500 250000 0.661000
330 500 250000 0.660000
331 500 250000 0.661000
332 500 250000 0.660000
333 500 250000 0.661000
334 500 250000 0.660000
335 500 250000 0.660000
336 500 250000 0.660000
337 500 250000 0.660000
338 500 250000 0.660000
339 500 250000 0.660000
340 500 250000 0.660000
341 500 250000 0.661000
342 500 250000 0.666000
343 500 250000 0.745000
344 500 250000 0.661000
345 500 250000 0.815000
346 500 250000 0.662000
347 500 250000 0.820000
348 500 250000 0.660000
349 500 250000 0.810000
350 500 250000 0.660000
351 500 250000 0.802000
352 500 250000 0.660000
353 500 250000 0.693000
354 500 250000 0.661000
355 500 250000 0.770000
356 500 250000 0.666000
357 500 250000 0.660000
358 500 250000 0.664000
359 500 250000 0.661000
360 500 250000 0.779000
361 500 250000 0.660000
362 500 250000 0.803000
363 500 250000 0.660000
364 500 250000 0.661000
365 500 250000 0.672000
366 500 250000 0.660000
367 500 250000 0.824000
368 500 250000 0.660000
369 500 250000 0.863000
370 500 250000 0.661000
371 500 250000 0.660000
372 500 250000 0.755000
373 500 250000 0.661000
374 500 250000 0.661000
375 500 250000 0.661000
376 500 250000 0.660000
377 500 250000 0.660000
378 500 250000 0.661000
379 500 250000 0.660000
380 500 250000 0.660000
381 500 250000 0.660000
382 500 250000 0.660000
383 500 250000 0.661000
384 500 250000 0.660000
385 500 250000 0.660000
386 500 250000 0.660000
387 500 250000 0.660000
388 500 250000 0.661000
389 500 250000 0.659000
390 500 250000 0.660000
391 500 250000 0.660000
392 500 250000 0.660000
393 500 250000 0.660000
394 500 250000 0.660000
395 500 250000 0.660000
396 500 250000 0.660000
397 500 250000 0.659000
398 500 250000 0.658000
399 500 250000 0.659000
400 500 250000 0.659000
401 500 250000 0.658000
402 500 250000 0.658000
403 500 250000 0.659000
404 500 250000 0.658000
405 500 250000 0.658000
406 500 250000 0.658000
407 500 250000 0.659000
408 500 250000 0.658000
409 500 250000 0.657000
410 500 250000 0.658000
411 500 250000 0.659000
412 500 250000 0.659000
413 500 250000 0.659000
414 500 250000 0.659000
415 500 250000 0.658000
416 500 250000 0.661000
417 500 250000 0.661000
418 500 250000 0.660000
419 500 250000 0.662000
420 500 250000 0.662000
421 500 250000 0.663000
422 500 250000 0.663000
423 500 250000 0.663000
424 500 250000 0.663000
425 500 250000 0.663000
426 500 250000 0.662000
427 500 250000 0.660000
428 500 250000 0.660000
429 500 250000 0.661000
430 500 250000 0.660000
431 500 250000 0.661000
432 500 250000 0.660000
433 500 250000 0.660000
434 500 250000 0.660000
435 500 250000 0.661000
436 500 250000 0.661000
437 500 250000 0.661000
438 500 250000 0.660000
439 500 250000 0.660000
440 500 250000 0.660000
441 500 250000 0.661000
442 500 250000 0.661000
443 500 250000 0.660000
444 500 250000 0.661000
445 500 250000 0.661000
446 500 250000 0.660000
447 500 250000 0.661000
448 500 250000 0.660000
449 500 250000 0.661000
450 500 250000 0.660000
451 500 250000 0.660000
452 500 250000 0.661000
453 500 250000 0.661000
454 500 250000 0.660000
455 500 250000 0.660000
456 500 250000 0.660000
457 500 250000 0.660000
458 500 250000 0.659000
459 500 250000 0.659000
460 500 250000 0.659000
461 500 250000 0.660000
462 500 250000 0.659000
463 500 250000 0.659000
464 500 250000 0.659000
465 500 250000 0.659000
466 500 250000 0.659000
467 500 250000 0.660000
468 500 250000 0.658000
469 500 250000 0.660000
470 500 250000 0.659000
471 500 250000 0.661000
472 500 250000 0.660000
473 500 250000 0.661000
474 500 250000 0.691000
475 500 250000 0.802000
476 500 250000 0.810000
477 500 250000 0.826000
478 500 250000 0.673000
479 500 250000 0.661000
480 500 250000 0.659000
481 500 250000 0.660000
482 500 250000 0.660000
483 500 250000 0.660000
484 500 250000 0.660000
485 500 250000 0.660000
486 500 250000 0.666000
487 500 250000 0.660000
488 500 250000 0.661000
489 500 250000 0.660000
490 500 250000 0.660000
491 500 250000 0.661000
492 500 250000 0.660000
493 500 250000 0.661000
494 500 250000 0.663000
495 500 250000 0.664000
496 500 250000 0.662000
497 500 250000 0.662000
498 500 250000 0.662000
499 500 250000 0.661000
Total_Patterns: 500   Total_Cells: 125000000, Time_by_pattern: 0.674828