Num_Pattern Value_N Num_Cells Time 
0 100 10000 0.362636
1 100 10000 0.522888
2 100 10000 0.529967
3 100 10000 0.544630
4 100 10000 0.041729
5 100 10000 0.172981
6 100 10000 0.198309
7 100 10000 0.206696
8 100 10000 0.041487
9 100 10000 0.058532
10 100 10000 0.131067
11 100 10000 0.134303
12 100 10000 0.041372
13 100 10000 0.041463
14 100 10000 0.075928
15 100 10000 0.084803
16 100 10000 0.041367
17 100 10000 0.041402
18 100 10000 0.055623
19 100 10000 0.059250
20 100 10000 0.041211
21 100 10000 0.041400
22 100 10000 0.058115
23 100 10000 0.062141
24 100 10000 0.041432
25 100 10000 0.041613
26 100 10000 0.048051
27 100 10000 0.049558
28 100 10000 0.041296
29 100 10000 0.041446
30 100 10000 0.064787
31 100 10000 0.143096
32 100 10000 0.104264
33 100 10000 0.041429
34 100 10000 0.041350
35 100 10000 0.140496
36 100 10000 0.159368
37 100 10000 0.041417
38 100 10000 0.029766
39 100 10000 0.123265
40 100 10000 0.137962
41 100 10000 0.065126
42 100 10000 0.029758
43 100 10000 0.078918
44 100 10000 0.147165
45 100 10000 0.161061
46 100 10000 0.055979
47 100 10000 0.029745
48 100 10000 0.029709
49 100 10000 0.055952
50 100 10000 0.055982
51 100 10000 0.035026
52 100 10000 0.029817
53 100 10000 0.041914
54 100 10000 0.042049
55 100 10000 0.029904
56 100 10000 0.029702
57 100 10000 0.039165
58 100 10000 0.039157
59 100 10000 0.029776
60 100 10000 0.029744
61 100 10000 0.037183
62 100 10000 0.037248
63 100 10000 0.029746
64 100 10000 0.029740
65 100 10000 0.036806
66 100 10000 0.036847
67 100 10000 0.029778
68 100 10000 0.029723
69 100 10000 0.041661
70 100 10000 0.041714
71 100 10000 0.029785
72 100 10000 0.029746
73 100 10000 0.037941
74 100 10000 0.037945
75 100 10000 0.029795
76 100 10000 0.029702
77 100 10000 0.035671
78 100 10000 0.035748
79 100 10000 0.029782
80 100 10000 0.029718
81 100 10000 0.034525
82 100 10000 0.034572
83 100 10000 0.029789
84 100 10000 0.029713
85 100 10000 0.032553
86 100 10000 0.032572
87 100 10000 0.029761
88 100 10000 0.029735
89 100 10000 0.032499
90 100 10000 0.032547
91 100 10000 0.349081
92 100 10000 0.342381
93 100 10000 0.358466
94 100 10000 0.354632
95 100 10000 0.330850
96 100 10000 0.337211
97 100 10000 0.344393
98 100 10000 0.345299
99 100 10000 0.226380
100 100 10000 0.295668
101 100 10000 0.300295
102 100 10000 0.305719
103 100 10000 0.029907
104 100 10000 0.029806
105 100 10000 0.117618
106 100 10000 0.124605
107 100 10000 0.029878
108 100 10000 0.029814
109 100 10000 0.093993
110 100 10000 0.099502
111 100 10000 0.029870
112 100 10000 0.029742
113 100 10000 0.074316
114 100 10000 0.078285
115 100 10000 0.029836
116 100 10000 0.029745
117 100 10000 0.060884
118 100 10000 0.063736
119 100 10000 0.029837
120 100 10000 0.029767
121 100 10000 0.049193
122 100 10000 0.051085
123 100 10000 0.029876
124 100 10000 0.029760
125 100 10000 0.041319
126 100 10000 0.054939
127 100 10000 0.042870
128 100 10000 0.029757
129 100 10000 0.029764
130 100 10000 0.042990
131 100 10000 0.043716
132 100 10000 0.029745
133 100 10000 0.029750
134 100 10000 0.050211
135 100 10000 0.051994
136 100 10000 0.030608
137 100 10000 0.029719
138 100 10000 0.045258
139 100 10000 0.110173
140 100 10000 0.099246
141 100 10000 0.029737
142 100 10000 0.029821
143 100 10000 0.070320
144 100 10000 0.073538
145 100 10000 0.029688
146 100 10000 0.029803
147 100 10000 0.052307
148 100 10000 0.053856
149 100 10000 0.029684
150 100 10000 0.029754
151 100 10000 0.043708
152 100 10000 0.044583
153 100 10000 0.029705
154 100 10000 0.029835
155 100 10000 0.038297
156 100 10000 0.038987
157 100 10000 0.029655
158 100 10000 0.029883
159 100 10000 0.035444
160 100 10000 0.035914
161 100 10000 0.029730
162 100 10000 0.029809
163 100 10000 0.034245
164 100 10000 0.034556
165 100 10000 0.029691
166 100 10000 0.029773
167 100 10000 0.033009
168 100 10000 0.033384
169 100 10000 0.034858
170 100 10000 0.029786
171 100 10000 0.029831
172 100 10000 0.029845
173 100 10000 0.029746
174 100 10000 0.029766
175 100 10000 0.029873
176 100 10000 0.029755
177 100 10000 0.029730
178 100 10000 0.029742
179 100 10000 0.029891
180 100 10000 0.029781
181 100 10000 0.029689
182 100 10000 0.029803
183 100 10000 0.029846
184 100 10000 0.029704
185 100 10000 0.029765
186 100 10000 0.029757
187 100 10000 0.029792
188 100 10000 0.029747
189 100 10000 0.029781
190 100 10000 0.162399
191 100 10000 0.288079
192 100 10000 0.295254
193 100 10000 0.294808
194 100 10000 0.029935
195 100 10000 0.093972
196 100 10000 0.175235
197 100 10000 0.166007
198 100 10000 0.029922
199 100 10000 0.029810
200 100 10000 0.114661
201 100 10000 0.155495
202 100 10000 0.066813
203 100 10000 0.029726
204 100 10000 0.029741
205 100 10000 0.064745
206 100 10000 0.064720
207 100 10000 0.029779
208 100 10000 0.029690
209 100 10000 0.069271
210 100 10000 0.069349
211 100 10000 0.029755
212 100 10000 0.029685
213 100 10000 0.070368
214 100 10000 0.070336
215 100 10000 0.029749
216 100 10000 0.029688
217 100 10000 0.069182
218 100 10000 0.103867
219 100 10000 0.067748
220 100 10000 0.029691
221 100 10000 0.029872
222 100 10000 0.052332
223 100 10000 0.054670
224 100 10000 0.029682
225 100 10000 0.029835
226 100 10000 0.076314
227 100 10000 0.080998
228 100 10000 0.029688
229 100 10000 0.029896
230 100 10000 0.060331
231 100 10000 0.063362
232 100 10000 0.029703
233 100 10000 0.029915
234 100 10000 0.042275
235 100 10000 0.080451
236 100 10000 0.066622
237 100 10000 0.029905
238 100 10000 0.029770
239 100 10000 0.065104
240 100 10000 0.065063
241 100 10000 0.029826
242 100 10000 0.029743
243 100 10000 0.067035
244 100 10000 0.067138
245 100 10000 0.029882
246 100 10000 0.029762
247 100 10000 0.067254
248 100 10000 0.067296
249 100 10000 0.029891
250 100 10000 0.029725
251 100 10000 0.069823
252 100 10000 0.107887
253 100 10000 0.070918
254 100 10000 0.029764
255 100 10000 0.029756
256 100 10000 0.054280
257 100 10000 0.056549
258 100 10000 0.029757
259 100 10000 0.029761
260 100 10000 0.048786
261 100 10000 0.050537
262 100 10000 0.029730
263 100 10000 0.029727
264 100 10000 0.044194
265 100 10000 0.045656
266 100 10000 0.029761
267 100 10000 0.029738
268 100 10000 0.045629
269 100 10000 0.045758
270 100 10000 0.029786
271 100 10000 0.029801
272 100 10000 0.044129
273 100 10000 0.045590
274 100 10000 0.029756
275 100 10000 0.029767
276 100 10000 0.038626
277 100 10000 0.039628
278 100 10000 0.029765
279 100 10000 0.029749
280 100 10000 0.033347
281 100 10000 0.033961
282 100 10000 0.029727
283 100 10000 0.029754
284 100 10000 0.029971
285 100 10000 0.030319
286 100 10000 0.029773
287 100 10000 0.029741
288 100 10000 0.030881
289 100 10000 0.031211
290 100 10000 0.062404
291 100 10000 0.260370
292 100 10000 0.271413
293 100 10000 0.270997
294 100 10000 0.037933
295 100 10000 0.195229
296 100 10000 0.229706
297 100 10000 0.226286
298 100 10000 0.029800
299 100 10000 0.029887
300 100 10000 0.195874
301 100 10000 0.211535
302 100 10000 0.172034
303 100 10000 0.029905
304 100 10000 0.081096
305 100 10000 0.157938
306 100 10000 0.155235
307 100 10000 0.029846
308 100 10000 0.029694
309 100 10000 0.147098
310 100 10000 0.189336
311 100 10000 0.149473
312 100 10000 0.029715
313 100 10000 0.029730
314 100 10000 0.094572
315 100 10000 0.094924
316 100 10000 0.029761
317 100 10000 0.029756
318 100 10000 0.179695
319 100 10000 0.186366
320 100 10000 0.125821
321 100 10000 0.029779
322 100 10000 0.248094
323 100 10000 0.286927
324 100 10000 0.304539
325 100 10000 0.184625
326 100 10000 0.029806
327 100 10000 0.224370
328 100 10000 0.241212
329 100 10000 0.229880
330 100 10000 0.029808
331 100 10000 0.080634
332 100 10000 0.168346
333 100 10000 0.192302
334 100 10000 0.068511
335 100 10000 0.029743
336 100 10000 0.051441
337 100 10000 0.140086
338 100 10000 0.122927
339 100 10000 0.029792
340 100 10000 0.029764
341 100 10000 0.121449
342 100 10000 0.121252
343 100 10000 0.029755
344 100 10000 0.029731
345 100 10000 0.172822
346 100 10000 0.175838
347 100 10000 0.118648
348 100 10000 0.029725
349 100 10000 0.182308
350 100 10000 0.280537
351 100 10000 0.281521
352 100 10000 0.245444
353 100 10000 0.029898
354 100 10000 0.152140
355 100 10000 0.199900
356 100 10000 0.196751
357 100 10000 0.029892
358 100 10000 0.029740
359 100 10000 0.130387
360 100 10000 0.138742
361 100 10000 0.047364
362 100 10000 0.029800
363 100 10000 0.184714
364 100 10000 0.209386
365 100 10000 0.191119
366 100 10000 0.029799
367 100 10000 0.029738
368 100 10000 0.142118
369 100 10000 0.184329
370 100 10000 0.138626
371 100 10000 0.029797
372 100 10000 0.029737
373 100 10000 0.098096
374 100 10000 0.097938
375 100 10000 0.029762
376 100 10000 0.029740
377 100 10000 0.095355
378 100 10000 0.095264
379 100 10000 0.029751
380 100 10000 0.029784
381 100 10000 0.068559
382 100 10000 0.068690
383 100 10000 0.029742
384 100 10000 0.029715
385 100 10000 0.079289
386 100 10000 0.144082
387 100 10000 0.121224
388 100 10000 0.029706
389 100 10000 0.029829
390 100 10000 0.150903
391 100 10000 0.175505
392 100 10000 0.134925
393 100 10000 0.029876
394 100 10000 0.029798
395 100 10000 0.091307
396 100 10000 0.091981
397 100 10000 0.029814
398 100 10000 0.029782
399 100 10000 0.088150
400 100 10000 0.088584
401 100 10000 0.029879
402 100 10000 0.029764
403 100 10000 0.118315
404 100 10000 0.158780
405 100 10000 0.126935
406 100 10000 0.029760
407 100 10000 0.029685
408 100 10000 0.081764
409 100 10000 0.086154
410 100 10000 0.029765
411 100 10000 0.029744
412 100 10000 0.066195
413 100 10000 0.126957
414 100 10000 0.087619
415 100 10000 0.032189
416 100 10000 0.029709
417 100 10000 0.072296
418 100 10000 0.072316
419 100 10000 0.029702
420 100 10000 0.029727
421 100 10000 0.071560
422 100 10000 0.071725
423 100 10000 0.029759
424 100 10000 0.029756
425 100 10000 0.071556
426 100 10000 0.071547
427 100 10000 0.029776
428 100 10000 0.029680
429 100 10000 0.037773
430 100 10000 0.037871
431 100 10000 0.029753
432 100 10000 0.029765
433 100 10000 0.034210
434 100 10000 0.034272
435 100 10000 0.029789
436 100 10000 0.029761
437 100 10000 0.031606
438 100 10000 0.032460
439 100 10000 0.030643
440 100 10000 0.029740
441 100 10000 0.029842
442 100 10000 0.030756
443 100 10000 0.030948
444 100 10000 0.029735
445 100 10000 0.029859
446 100 10000 0.030291
447 100 10000 0.030385
448 100 10000 0.029771
449 100 10000 0.029835
450 100 10000 0.032129
451 100 10000 0.032332
452 100 10000 0.029716
453 100 10000 0.029896
454 100 10000 0.061169
455 100 10000 0.062836
456 100 10000 0.029761
457 100 10000 0.029869
458 100 10000 0.059575
459 100 10000 0.060827
460 100 10000 0.029736
461 100 10000 0.029821
462 100 10000 0.055422
463 100 10000 0.056840
464 100 10000 0.029694
465 100 10000 0.029911
466 100 10000 0.050269
467 100 10000 0.056207
468 100 10000 0.035069
469 100 10000 0.029850
470 100 10000 0.029770
471 100 10000 0.034737
472 100 10000 0.034818
473 100 10000 0.029866
474 100 10000 0.029744
475 100 10000 0.033518
476 100 10000 0.033612
477 100 10000 0.029860
478 100 10000 0.029784
479 100 10000 0.032610
480 100 10000 0.032717
481 100 10000 0.029859
482 100 10000 0.029731
483 100 10000 0.034917
484 100 10000 0.035048
485 100 10000 0.029866
486 100 10000 0.029752
487 100 10000 0.037200
488 100 10000 0.037330
489 100 10000 0.029872
490 100 10000 0.029752
491 100 10000 0.031761
492 100 10000 0.031799
493 100 10000 0.029841
494 100 10000 0.029876
495 100 10000 0.029749
496 100 10000 0.393762
497 100 10000 0.429620
498 100 10000 0.488533
499 100 10000 0.514912
500 100 10000 0.116087
501 100 10000 0.328747
502 100 10000 0.341533
503 100 10000 0.367236
504 100 10000 0.058197
505 100 10000 0.058300
506 100 10000 0.138102
507 100 10000 0.149617
508 100 10000 0.058225
509 100 10000 0.067435
510 100 10000 0.109098
511 100 10000 0.114181
512 100 10000 0.067490
513 100 10000 0.067567
514 100 10000 0.082271
515 100 10000 0.083660
516 100 10000 0.067353
517 100 10000 0.067336
518 100 10000 0.074110
519 100 10000 0.075015
520 100 10000 0.067464
521 100 10000 0.067291
522 100 10000 0.067565
523 100 10000 0.067255
524 100 10000 0.067289
525 100 10000 0.067335
526 100 10000 0.067970
527 100 10000 0.067751
528 100 10000 0.067263
529 100 10000 0.067490
530 100 10000 0.071233
531 100 10000 0.071366
532 100 10000 0.067319
533 100 10000 0.067330
534 100 10000 0.073086
535 100 10000 0.073685
536 100 10000 0.067330
537 100 10000 0.067236
538 100 10000 0.067527
539 100 10000 0.067125
540 100 10000 0.067454
541 100 10000 0.067386
542 100 10000 0.067718
543 100 10000 0.067562
544 100 10000 0.067331
545 100 10000 0.077740
546 100 10000 0.067564
547 100 10000 0.067182
548 100 10000 0.079877
549 100 10000 0.080057
550 100 10000 0.085057
551 100 10000 0.084835
552 100 10000 0.079907
553 100 10000 0.079850
554 100 10000 0.080244
555 100 10000 0.079762
556 100 10000 0.079863
557 100 10000 0.079909
558 100 10000 0.080114
559 100 10000 0.079834
560 100 10000 0.079925
561 100 10000 0.080008
562 100 10000 0.120335
563 100 10000 0.122483
564 100 10000 0.079848
565 100 10000 0.079904
566 100 10000 0.113329
567 100 10000 0.115104
568 100 10000 0.079948
569 100 10000 0.079846
570 100 10000 0.102425
571 100 10000 0.103456
572 100 10000 0.079859
573 100 10000 0.079894
574 100 10000 0.085637
575 100 10000 0.079760
576 100 10000 0.079906
577 100 10000 0.080207
578 100 10000 0.084599
579 100 10000 0.084694
580 100 10000 0.098316
581 100 10000 0.098470
582 100 10000 0.105476
583 100 10000 0.105795
584 100 10000 0.098398
585 100 10000 0.098307
586 100 10000 0.100335
587 100 10000 0.100327
588 100 10000 0.098502
589 100 10000 0.098436
590 100 10000 0.108542
591 100 10000 0.109619
592 100 10000 0.098225
593 100 10000 0.098442
594 100 10000 0.102443
595 100 10000 0.102807
596 100 10000 0.098422
597 100 10000 0.098268
598 100 10000 0.098704
599 100 10000 0.106847
600 100 10000 0.098335
601 100 10000 0.098488
602 100 10000 0.098811
603 100 10000 0.098326
604 100 10000 0.098356
605 100 10000 0.127832
606 100 10000 0.135018
607 100 10000 0.136003
608 100 10000 0.127871
609 100 10000 0.128036
610 100 10000 0.131507
611 100 10000 0.131836
612 100 10000 0.127915
613 100 10000 0.127731
614 100 10000 0.128132
615 100 10000 0.127916
616 100 10000 0.127858
617 100 10000 0.127760
618 100 10000 0.128412
619 100 10000 0.127545
620 100 10000 0.127732
621 100 10000 0.128052
622 100 10000 0.130994
623 100 10000 0.130734
624 100 10000 0.127717
625 100 10000 0.127932
626 100 10000 0.132803
627 100 10000 0.133171
628 100 10000 0.127749
629 100 10000 0.127898
630 100 10000 0.128162
631 100 10000 0.127674
632 100 10000 0.127944
633 100 10000 0.127895
634 100 10000 0.128050
635 100 10000 0.127624
636 100 10000 0.127825
637 100 10000 0.128161
638 100 10000 0.128219
639 100 10000 0.127661
640 100 10000 0.127899
641 100 10000 0.127816
642 100 10000 0.128331
643 100 10000 0.127633
644 100 10000 0.127654
645 100 10000 0.128274
646 100 10000 0.128436
647 100 10000 0.127607
648 100 10000 0.127736
649 100 10000 0.127726
650 100 10000 0.128284
651 100 10000 0.127671
652 100 10000 0.127785
653 100 10000 0.127871
654 100 10000 0.140592
655 100 10000 0.127692
656 100 10000 0.127852
657 100 10000 0.254148
658 100 10000 0.613010
659 100 10000 0.977217
660 100 10000 0.558039
661 100 10000 0.128080
662 100 10000 0.141795
663 100 10000 0.602070
664 100 10000 0.645478
665 100 10000 0.128165
666 100 10000 0.128306
667 100 10000 0.675669
668 100 10000 0.970596
669 100 10000 1.336017
670 100 10000 0.635463
671 100 10000 0.127818
672 100 10000 1.017917
673 100 10000 1.244690
674 100 10000 1.489167
675 100 10000 0.452363
676 100 10000 0.128077
677 100 10000 0.128349
678 100 10000 0.544666
679 100 10000 0.512537
680 100 10000 0.127749
681 100 10000 0.128165
682 100 10000 0.599026
683 100 10000 0.642976
684 100 10000 0.165409
685 100 10000 0.128199
686 100 10000 0.604430
687 100 10000 1.339662
688 100 10000 0.986431
689 100 10000 0.808289
690 100 10000 0.127737
691 100 10000 0.127527
692 100 10000 0.901007
693 100 10000 0.901110
694 100 10000 0.130238
695 100 10000 0.127562
696 100 10000 1.305883
697 100 10000 1.549092
698 100 10000 1.475977
699 100 10000 0.790628
700 100 10000 0.127886
701 100 10000 0.822547
702 100 10000 0.992358
703 100 10000 0.972048
704 100 10000 0.127779
705 100 10000 0.128047
706 100 10000 0.416265
707 100 10000 0.442945
708 100 10000 0.128384
709 100 10000 0.128360
710 100 10000 0.304699
711 100 10000 0.386639
712 100 10000 0.185816
713 100 10000 0.128653
714 100 10000 0.127797
715 100 10000 0.127493
716 100 10000 0.128244
717 100 10000 0.128248
718 100 10000 0.127792
719 100 10000 0.127635
720 100 10000 0.127729
721 100 10000 0.128093
722 100 10000 0.127905
723 100 10000 0.127529
724 100 10000 0.128360
725 100 10000 0.128430
726 100 10000 0.127811
727 100 10000 0.127501
728 100 10000 0.127964
729 100 10000 0.128380
730 100 10000 0.135993
731 100 10000 0.127479
732 100 10000 0.128284
733 100 10000 0.128321
734 100 10000 0.127867
735 100 10000 0.127481
736 100 10000 0.127691
737 100 10000 0.128192
738 100 10000 0.127699
739 100 10000 0.127747
740 100 10000 0.166222
741 100 10000 0.128251
742 100 10000 0.127724
743 100 10000 0.127659
744 100 10000 0.128008
745 100 10000 0.128109
746 100 10000 0.127794
747 100 10000 0.127506
748 100 10000 0.127827
749 100 10000 0.127993
750 100 10000 0.127718
751 100 10000 0.127723
752 100 10000 0.128132
753 100 10000 0.128036
754 100 10000 0.127696
755 100 10000 0.127632
756 100 10000 0.127707
757 100 10000 0.128415
758 100 10000 0.127924
759 100 10000 0.127553
760 100 10000 0.128277
761 100 10000 0.128273
762 100 10000 0.127759
763 100 10000 0.127782
764 100 10000 0.127809
765 100 10000 0.128205
766 100 10000 0.136159
767 100 10000 0.127719
768 100 10000 0.128092
769 100 10000 0.128271
770 100 10000 0.127760
771 100 10000 0.127547
772 100 10000 0.127564
773 100 10000 0.128096
774 100 10000 0.127488
775 100 10000 0.127616
776 100 10000 0.147653
777 100 10000 0.128030
778 100 10000 0.128326
779 100 10000 0.127650
780 100 10000 0.127796
781 100 10000 0.128279
782 100 10000 0.127968
783 100 10000 0.127635
784 100 10000 0.127634
785 100 10000 0.128318
786 100 10000 0.133482
787 100 10000 0.133885
788 100 10000 0.128092
789 100 10000 0.128106
790 100 10000 0.139970
791 100 10000 0.140950
792 100 10000 0.127838
793 100 10000 0.128197
794 100 10000 0.155535
795 100 10000 0.160810
796 100 10000 0.091386
797 100 10000 0.091792
798 100 10000 0.091278
799 100 10000 0.091601
800 100 10000 0.091396
801 100 10000 0.091727
802 100 10000 0.091104
803 100 10000 0.091166
804 100 10000 0.091262
805 100 10000 0.091583
806 100 10000 0.091295
807 100 10000 0.091407
808 100 10000 0.091778
809 100 10000 0.091826
810 100 10000 0.091186
811 100 10000 0.091107
812 100 10000 0.091417
813 100 10000 0.091643
814 100 10000 0.091237
815 100 10000 0.091258
816 100 10000 0.091443
817 100 10000 0.091572
818 100 10000 0.091208
819 100 10000 0.091085
820 100 10000 0.091578
821 100 10000 0.091522
822 100 10000 0.071095
823 100 10000 0.071007
824 100 10000 0.071107
825 100 10000 0.071250
826 100 10000 0.071083
827 100 10000 0.070980
828 100 10000 0.070975
829 100 10000 0.071194
830 100 10000 0.071040
831 100 10000 0.070951
832 100 10000 0.071059
833 100 10000 0.071264
834 100 10000 0.071093
835 100 10000 0.070962
836 100 10000 0.071250
837 100 10000 0.071392
838 100 10000 0.071048
839 100 10000 0.070957
840 100 10000 0.070885
841 100 10000 0.071285
842 100 10000 0.071044
843 100 10000 0.070909
844 100 10000 0.070965
845 100 10000 0.071237
846 100 10000 0.071143
847 100 10000 0.070915
848 100 10000 0.071106
849 100 10000 0.071092
850 100 10000 0.071157
851 100 10000 0.070997
852 100 10000 0.071306
853 100 10000 0.071259
854 100 10000 0.071036
855 100 10000 0.070861
856 100 10000 0.071060
857 100 10000 0.071193
858 100 10000 0.071149
859 100 10000 0.078341
860 100 10000 0.058262
861 100 10000 0.058265
862 100 10000 0.058047
863 100 10000 0.058093
864 100 10000 0.058231
865 100 10000 0.058258
866 100 10000 0.058166
867 100 10000 0.061876
868 100 10000 0.058176
869 100 10000 0.058304
870 100 10000 0.058116
871 100 10000 0.058079
872 100 10000 0.058079
873 100 10000 0.058370
874 100 10000 0.029769
875 100 10000 0.029724
876 100 10000 0.029763
877 100 10000 0.029855
878 100 10000 0.029762
879 100 10000 0.029744
880 100 10000 0.029776
881 100 10000 0.029853
882 100 10000 0.029783
883 100 10000 0.029696
884 100 10000 0.029770
885 100 10000 0.029897
886 100 10000 0.029780
887 100 10000 0.029693
888 100 10000 0.029786
889 100 10000 0.029851
890 100 10000 0.029807
891 100 10000 0.029704
892 100 10000 0.029766
893 100 10000 0.029787
894 100 10000 0.029781
895 100 10000 0.029692
896 100 10000 0.029748
897 100 10000 0.029867
898 100 10000 0.029826
899 100 10000 0.032003
900 100 10000 0.029899
901 100 10000 0.029831
902 100 10000 0.029797
903 100 10000 0.029767
904 100 10000 0.029777
905 100 10000 0.029841
906 100 10000 0.029792
907 100 10000 0.029748
908 100 10000 0.029778
909 100 10000 0.029893
910 100 10000 0.029775
911 100 10000 0.029778
912 100 10000 0.029748
913 100 10000 0.029845
914 100 10000 0.029800
915 100 10000 0.029760
916 100 10000 0.029761
917 100 10000 0.029866
918 100 10000 0.029746
919 100 10000 0.029706
920 100 10000 0.029740
921 100 10000 0.029814
922 100 10000 0.029784
923 100 10000 0.029707
924 100 10000 0.029725
925 100 10000 0.029835
926 100 10000 0.029767
927 100 10000 0.029737
928 100 10000 0.029691
929 100 10000 0.029793
930 100 10000 0.029799
931 100 10000 0.029731
932 100 10000 0.029741
933 100 10000 0.029824
934 100 10000 0.029799
935 100 10000 0.029712
936 100 10000 0.029719
937 100 10000 0.029801
938 100 10000 0.029808
939 100 10000 0.029750
940 100 10000 0.047451
941 100 10000 0.047968
942 100 10000 0.029816
943 100 10000 0.029740
944 100 10000 0.047082
945 100 10000 0.047137
946 100 10000 0.029809
947 100 10000 0.029770
948 100 10000 0.045974
949 100 10000 0.046392
950 100 10000 0.029777
951 100 10000 0.029721
952 100 10000 0.044270
953 100 10000 0.044817
954 100 10000 0.029778
955 100 10000 0.029735
956 100 10000 0.044547
957 100 10000 0.044845
958 100 10000 0.029781
959 100 10000 0.029746
960 100 10000 0.044733
961 100 10000 0.045362
962 100 10000 0.029746
963 100 10000 0.029688
964 100 10000 0.044696
965 100 10000 0.044698
966 100 10000 0.029790
967 100 10000 0.029697
968 100 10000 0.046895
969 100 10000 0.047288
970 100 10000 0.029783
971 100 10000 0.029730
972 100 10000 0.045983
973 100 10000 0.046555
974 100 10000 0.029828
975 100 10000 0.029733
976 100 10000 0.107127
977 100 10000 0.224736
978 100 10000 0.187769
979 100 10000 0.159240
980 100 10000 0.029730
981 100 10000 0.082827
982 100 10000 0.149579
983 100 10000 0.142700
984 100 10000 0.029755
985 100 10000 0.029830
986 100 10000 0.120608
987 100 10000 0.119400
988 100 10000 0.029728
989 100 10000 0.029859
990 100 10000 0.188698
991 100 10000 0.207071
992 100 10000 0.171407
993 100 10000 0.029875
994 100 10000 0.064640
995 100 10000 0.232896
996 100 10000 0.189826
997 100 10000 0.238176
998 100 10000 0.029776
999 100 10000 0.151155
1000 100 10000 0.189538
1001 100 10000 0.191721
1002 100 10000 0.029818
1003 100 10000 0.029683
1004 100 10000 0.196788
1005 100 10000 0.210583
1006 100 10000 0.167225
1007 100 10000 0.032161
1008 100 10000 0.056113
1009 100 10000 0.173866
1010 100 10000 0.185534
1011 100 10000 0.042895
1012 100 10000 0.029841
1013 100 10000 0.103272
1014 100 10000 0.192101
1015 100 10000 0.171495
1016 100 10000 0.029811
1017 100 10000 0.029791
1018 100 10000 0.187897
1019 100 10000 0.195324
1020 100 10000 0.117749
1021 100 10000 0.029757
1022 100 10000 0.167563
1023 100 10000 0.219571
1024 100 10000 0.243126
1025 100 10000 0.117172
1026 100 10000 0.029738
1027 100 10000 0.154844
1028 100 10000 0.174320
1029 100 10000 0.189738
1030 100 10000 0.029724
1031 100 10000 0.029868
1032 100 10000 0.122131
1033 100 10000 0.122234
1034 100 10000 0.029765
1035 100 10000 0.029928
1036 100 10000 0.169576
1037 100 10000 0.180233
1038 100 10000 0.122402
1039 100 10000 0.029857
1040 100 10000 0.138427
1041 100 10000 0.242706
1042 100 10000 0.244447
1043 100 10000 0.150080
1044 100 10000 0.029785
1045 100 10000 0.036592
1046 100 10000 0.171897
1047 100 10000 0.167354
1048 100 10000 0.029730
1049 100 10000 0.029706
1050 100 10000 0.186037
1051 100 10000 0.196192
1052 100 10000 0.085862
1053 100 10000 0.029699
1054 100 10000 0.180376
1055 100 10000 0.242928
1056 100 10000 0.267104
1057 100 10000 0.191155
1058 100 10000 0.029709
1059 100 10000 0.156981
1060 100 10000 0.201780
1061 100 10000 0.194725
1062 100 10000 0.029723
1063 100 10000 0.029791
1064 100 10000 0.119901
1065 100 10000 0.119101
1066 100 10000 0.029752
1067 100 10000 0.029800
1068 100 10000 0.144127
1069 100 10000 0.178644
1070 100 10000 0.139048
1071 100 10000 0.029791
1072 100 10000 0.029830
1073 100 10000 0.066842
1074 100 10000 0.066881
1075 100 10000 0.029793
1076 100 10000 0.029837
1077 100 10000 0.065602
1078 100 10000 0.065413
1079 100 10000 0.029765
1080 100 10000 0.029848
1081 100 10000 0.066574
1082 100 10000 0.180480
1083 100 10000 0.157320
1084 100 10000 0.029818
1085 100 10000 0.029706
1086 100 10000 0.170139
1087 100 10000 0.176896
1088 100 10000 0.069011
1089 100 10000 0.029666
1090 100 10000 0.179796
1091 100 10000 0.219794
1092 100 10000 0.230585
1093 100 10000 0.134887
1094 100 10000 0.029713
1095 100 10000 0.029824
1096 100 10000 0.077897
1097 100 10000 0.078292
1098 100 10000 0.029725
1099 100 10000 0.029795
1100 100 10000 0.077325
1101 100 10000 0.077842
1102 100 10000 0.029760
1103 100 10000 0.029817
1104 100 10000 0.081352
1105 100 10000 0.081916
1106 100 10000 0.029870
1107 100 10000 0.029872
1108 100 10000 0.073076
1109 100 10000 0.073465
1110 100 10000 0.029741
1111 100 10000 0.029832
1112 100 10000 0.072780
1113 100 10000 0.073107
1114 100 10000 0.029745
1115 100 10000 0.029805
1116 100 10000 0.069089
1117 100 10000 0.069421
1118 100 10000 0.029755
1119 100 10000 0.029770
1120 100 10000 0.060028
1121 100 10000 0.081540
1122 100 10000 0.091796
1123 100 10000 0.070483
1124 100 10000 0.029831
1125 100 10000 0.029747
1126 100 10000 0.072572
1127 100 10000 0.072470
1128 100 10000 0.029868
1129 100 10000 0.029791
1130 100 10000 0.078947
1131 100 10000 0.078796
1132 100 10000 0.029830
1133 100 10000 0.029739
1134 100 10000 0.135311
1135 100 10000 0.126622
1136 100 10000 0.029843
1137 100 10000 0.029721
1138 100 10000 0.145497
1139 100 10000 0.180179
1140 100 10000 0.166590
1141 100 10000 0.137434
1142 100 10000 0.029881
1143 100 10000 0.029851
1144 100 10000 0.108753
1145 100 10000 0.109209
1146 100 10000 0.029762
1147 100 10000 0.029817
1148 100 10000 0.104855
1149 100 10000 0.105496
1150 100 10000 0.029741
1151 100 10000 0.029844
1152 100 10000 0.100353
1153 100 10000 0.101250
1154 100 10000 0.029765
1155 100 10000 0.029821
1156 100 10000 0.116453
1157 100 10000 0.200348
1158 100 10000 0.221921
1159 100 10000 0.193598
1160 100 10000 0.029787
1161 100 10000 0.029681
1162 100 10000 0.158948
1163 100 10000 0.158539
1164 100 10000 0.029820
1165 100 10000 0.029694
1166 100 10000 0.178260
1167 100 10000 0.183758
1168 100 10000 0.100015
1169 100 10000 0.034627
1170 100 10000 0.314404
1171 100 10000 0.325454
1172 100 10000 0.311340
1173 100 10000 0.285842
1174 100 10000 0.254540
1175 100 10000 0.289590
1176 100 10000 0.315414
1177 100 10000 0.304628
1178 100 10000 0.029761
1179 100 10000 0.176943
1180 100 10000 0.191844
1181 100 10000 0.196762
1182 100 10000 0.029740
1183 100 10000 0.045942
1184 100 10000 0.177046
1185 100 10000 0.175360
1186 100 10000 0.029755
1187 100 10000 0.029708
1188 100 10000 0.158675
1189 100 10000 0.215881
1190 100 10000 0.188340
1191 100 10000 0.029672
1192 100 10000 0.029816
1193 100 10000 0.158867
1194 100 10000 0.201708
1195 100 10000 0.150384
1196 100 10000 0.029780
1197 100 10000 0.029827
1198 100 10000 0.122039
1199 100 10000 0.122241
1200 100 10000 0.029835
1201 100 10000 0.029869
1202 100 10000 0.150872
1203 100 10000 0.183642
1204 100 10000 0.118397
1205 100 10000 0.029856
1206 100 10000 0.029792
1207 100 10000 0.088945
1208 100 10000 0.089192
1209 100 10000 0.029823
1210 100 10000 0.029749
1211 100 10000 0.118743
1212 100 10000 0.167855
1213 100 10000 0.136319
1214 100 10000 0.029741
1215 100 10000 0.029694
1216 100 10000 0.106541
1217 100 10000 0.108824
1218 100 10000 0.029770
1219 100 10000 0.029724
1220 100 10000 0.088089
1221 100 10000 0.158872
1222 100 10000 0.099388
1223 100 10000 0.029700
1224 100 10000 0.029790
1225 100 10000 0.095490
1226 100 10000 0.095382
1227 100 10000 0.029683
1228 100 10000 0.029815
1229 100 10000 0.097539
1230 100 10000 0.180631
1231 100 10000 0.136459
1232 100 10000 0.029788
1233 100 10000 0.029877
1234 100 10000 0.153338
1235 100 10000 0.178509
1236 100 10000 0.103541
1237 100 10000 0.033009
1238 100 10000 0.035840
1239 100 10000 0.103846
1240 100 10000 0.097888
1241 100 10000 0.029887
1242 100 10000 0.029783
1243 100 10000 0.134665
1244 100 10000 0.152414
1245 100 10000 0.093627
1246 100 10000 0.029803
1247 100 10000 0.048913
1248 100 10000 0.170987
1249 100 10000 0.159436
1250 100 10000 0.029761
1251 100 10000 0.029736
1252 100 10000 0.133720
1253 100 10000 0.209194
1254 100 10000 0.172826
1255 100 10000 0.029701
1256 100 10000 0.029756
1257 100 10000 0.159143
1258 100 10000 0.196073
1259 100 10000 0.133115
1260 100 10000 0.029798
1261 100 10000 0.029895
1262 100 10000 0.105477
1263 100 10000 0.106047
1264 100 10000 0.029808
1265 100 10000 0.029868
1266 100 10000 0.029721
1267 100 10000 0.030218
1268 100 10000 0.245237
1269 100 10000 0.255070
1270 100 10000 0.259369
1271 100 10000 0.029870
1272 100 10000 0.157179
1273 100 10000 0.245925
1274 100 10000 0.270752
1275 100 10000 0.129441
1276 100 10000 0.029900
1277 100 10000 0.074926
1278 100 10000 0.147787
1279 100 10000 0.164483
1280 100 10000 0.029810
1281 100 10000 0.029758
1282 100 10000 0.109958
1283 100 10000 0.116342
1284 100 10000 0.029760
1285 100 10000 0.029776
1286 100 10000 0.083494
1287 100 10000 0.095937
1288 100 10000 0.037901
1289 100 10000 0.029774
1290 100 10000 0.036994
1291 100 10000 0.075921
1292 100 10000 0.067956
1293 100 10000 0.029763
1294 100 10000 0.029689
1295 100 10000 0.064694
1296 100 10000 0.064725
1297 100 10000 0.029791
1298 100 10000 0.029745
1299 100 10000 0.063518
1300 100 10000 0.099469
1301 100 10000 0.067083
1302 100 10000 0.029757
1303 100 10000 0.029886
1304 100 10000 0.058109
1305 100 10000 0.059320
1306 100 10000 0.029722
1307 100 10000 0.029849
1308 100 10000 0.053075
1309 100 10000 0.054334
1310 100 10000 0.032319
1311 100 10000 0.029858
1312 100 10000 0.073968
1313 100 10000 0.075664
1314 100 10000 0.029742
1315 100 10000 0.029876
1316 100 10000 0.067810
1317 100 10000 0.069711
1318 100 10000 0.029728
1319 100 10000 0.029878
1320 100 10000 0.062186
1321 100 10000 0.063792
1322 100 10000 0.029699
1323 100 10000 0.029872
1324 100 10000 0.059110
1325 100 10000 0.135090
1326 100 10000 0.105700
1327 100 10000 0.029914
1328 100 10000 0.029789
1329 100 10000 0.127173
1330 100 10000 0.160204
1331 100 10000 0.117773
1332 100 10000 0.029733
1333 100 10000 0.029722
1334 100 10000 0.076259
1335 100 10000 0.079828
1336 100 10000 0.029791
1337 100 10000 0.029787
1338 100 10000 0.066261
1339 100 10000 0.069247
1340 100 10000 0.029786
1341 100 10000 0.029798
1342 100 10000 0.054380
1343 100 10000 0.056671
1344 100 10000 0.029736
1345 100 10000 0.029792
1346 100 10000 0.048464
1347 100 10000 0.050141
1348 100 10000 0.029870
1349 100 10000 0.029855
1350 100 10000 0.041907
1351 100 10000 0.048420
1352 100 10000 0.035070
1353 100 10000 0.029754
1354 100 10000 0.029735
1355 100 10000 0.032572
1356 100 10000 0.032596
1357 100 10000 0.029722
1358 100 10000 0.029731
1359 100 10000 0.029838
1360 100 10000 0.029827
1361 100 10000 0.029797
1362 100 10000 0.029716
1363 100 10000 0.029878
1364 100 10000 0.029835
1365 100 10000 0.029782
1366 100 10000 0.029715
1367 100 10000 0.029896
1368 100 10000 0.029818
1369 100 10000 0.029802
1370 100 10000 0.029703
1371 100 10000 0.029859
1372 100 10000 0.029791
1373 100 10000 0.029792
1374 100 10000 0.029701
1375 100 10000 0.029926
1376 100 10000 0.029766
1377 100 10000 0.029795
1378 100 10000 0.029701
1379 100 10000 0.029905
1380 100 10000 0.029753
1381 100 10000 0.029775
1382 100 10000 0.029673
1383 100 10000 0.029831
1384 100 10000 0.029791
1385 100 10000 0.029779
1386 100 10000 0.029730
1387 100 10000 0.029870
1388 100 10000 0.029884
1389 100 10000 0.029769
1390 100 10000 0.029701
1391 100 10000 0.029868
1392 100 10000 0.029805
1393 100 10000 0.029787
1394 100 10000 0.029680
1395 100 10000 0.029880
1396 100 10000 0.032398
1397 100 10000 0.148440
1398 100 10000 0.158640
1399 100 10000 0.176090
1400 100 10000 0.034832
1401 100 10000 0.130920
1402 100 10000 0.141948
1403 100 10000 0.145129
1404 100 10000 0.034767
1405 100 10000 0.081754
1406 100 10000 0.120441
1407 100 10000 0.119747
1408 100 10000 0.034684
1409 100 10000 0.034464
1410 100 10000 0.057435
1411 100 10000 0.063919
1412 100 10000 0.034576
1413 100 10000 0.029719
1414 100 10000 0.051210
1415 100 10000 0.051455
1416 100 10000 0.029761
1417 100 10000 0.029754
1418 100 10000 0.048052
1419 100 10000 0.048251
1420 100 10000 0.029727
1421 100 10000 0.029772
1422 100 10000 0.048269
1423 100 10000 0.145077
1424 100 10000 0.125787
1425 100 10000 0.029734
1426 100 10000 0.029854
1427 100 10000 0.121445
1428 100 10000 0.122184
1429 100 10000 0.029711
1430 100 10000 0.029918
1431 100 10000 0.145150
1432 100 10000 0.197707
1433 100 10000 0.195618
1434 100 10000 0.084128
1435 100 10000 0.029713
1436 100 10000 0.032130
1437 100 10000 0.080693
1438 100 10000 0.081243
1439 100 10000 0.029737
1440 100 10000 0.029786
1441 100 10000 0.078483
1442 100 10000 0.078864
1443 100 10000 0.029729
1444 100 10000 0.029724
1445 100 10000 0.072787
1446 100 10000 0.073311
1447 100 10000 0.029764
1448 100 10000 0.029745
1449 100 10000 0.073528
1450 100 10000 0.074245
1451 100 10000 0.029745
1452 100 10000 0.029720
1453 100 10000 0.069860
1454 100 10000 0.070676
1455 100 10000 0.029747
1456 100 10000 0.029707
1457 100 10000 0.067950
1458 100 10000 0.153284
1459 100 10000 0.165212
1460 100 10000 0.110416
1461 100 10000 0.029816
1462 100 10000 0.029843
1463 100 10000 0.097430
1464 100 10000 0.097123
1465 100 10000 0.029737
1466 100 10000 0.029871
1467 100 10000 0.099608
1468 100 10000 0.099707
1469 100 10000 0.029745
1470 100 10000 0.029872
1471 100 10000 0.095910
1472 100 10000 0.096812
1473 100 10000 0.029821
1474 100 10000 0.029871
1475 100 10000 0.095319
1476 100 10000 0.213782
1477 100 10000 0.193383
1478 100 10000 0.105444
1479 100 10000 0.029740
1480 100 10000 0.153563
1481 100 10000 0.189311
1482 100 10000 0.178772
1483 100 10000 0.029756
1484 100 10000 0.029818
1485 100 10000 0.145459
1486 100 10000 0.178718
1487 100 10000 0.094981
1488 100 10000 0.029706
1489 100 10000 0.029763
1490 100 10000 0.070967
1491 100 10000 0.071730
1492 100 10000 0.029725
1493 100 10000 0.029744
1494 100 10000 0.064831
1495 100 10000 0.065272
1496 100 10000 0.029708
1497 100 10000 0.029750
1498 100 10000 0.063766
1499 100 10000 0.064276
1500 100 10000 0.029779
1501 100 10000 0.029776
1502 100 10000 0.061834
1503 100 10000 0.062352
1504 100 10000 0.029737
1505 100 10000 0.029741
1506 100 10000 0.060691
1507 100 10000 0.058405
1508 100 10000 0.029854
1509 100 10000 0.030204
1510 100 10000 0.182854
1511 100 10000 0.205970
1512 100 10000 0.207176
1513 100 10000 0.029944
1514 100 10000 0.052405
1515 100 10000 0.144998
1516 100 10000 0.152835
1517 100 10000 0.029745
1518 100 10000 0.029892
1519 100 10000 0.152099
1520 100 10000 0.173465
1521 100 10000 0.105424
1522 100 10000 0.029895
1523 100 10000 0.029787
1524 100 10000 0.119465
1525 100 10000 0.121881
1526 100 10000 0.029974
1527 100 10000 0.029731
1528 100 10000 0.172438
1529 100 10000 0.198784
1530 100 10000 0.171135
1531 100 10000 0.029764
1532 100 10000 0.029785
1533 100 10000 0.103288
1534 100 10000 0.106102
1535 100 10000 0.029755
1536 100 10000 0.029839
1537 100 10000 0.105656
1538 100 10000 0.176896
1539 100 10000 0.155344
1540 100 10000 0.029766
1541 100 10000 0.029783
1542 100 10000 0.116119
1543 100 10000 0.118944
1544 100 10000 0.029805
1545 100 10000 0.029709
1546 100 10000 0.119158
1547 100 10000 0.168785
1548 100 10000 0.127177
1549 100 10000 0.029740
1550 100 10000 0.029903
1551 100 10000 0.086624
1552 100 10000 0.118016
1553 100 10000 0.058950
1554 100 10000 0.029874
1555 100 10000 0.029748
1556 100 10000 0.057572
1557 100 10000 0.058452
1558 100 10000 0.029905
1559 100 10000 0.029727
1560 100 10000 0.073821
1561 100 10000 0.075085
1562 100 10000 0.029915
1563 100 10000 0.029710
1564 100 10000 0.069699
1565 100 10000 0.070866
1566 100 10000 0.029883
1567 100 10000 0.029731
1568 100 10000 0.065046
1569 100 10000 0.066057
1570 100 10000 0.029879
1571 100 10000 0.029710
1572 100 10000 0.059153
1573 100 10000 0.060025
1574 100 10000 0.029853
1575 100 10000 0.029763
1576 100 10000 0.054280
1577 100 10000 0.059245
1578 100 10000 0.034360
1579 100 10000 0.029681
1580 100 10000 0.034339
1581 100 10000 0.059643
1582 100 10000 0.055957
1583 100 10000 0.029722
1584 100 10000 0.029778
1585 100 10000 0.050561
1586 100 10000 0.051617
1587 100 10000 0.029731
1588 100 10000 0.029783
1589 100 10000 0.048030
1590 100 10000 0.048877
1591 100 10000 0.029758
1592 100 10000 0.029750
1593 100 10000 0.041474
1594 100 10000 0.042118
1595 100 10000 0.035052
1596 100 10000 0.035729
1597 100 10000 0.156322
1598 100 10000 0.160066
1599 100 10000 0.165285
1600 100 10000 0.032996
1601 100 10000 0.130339
1602 100 10000 0.152567
1603 100 10000 0.153034
1604 100 10000 0.032896
1605 100 10000 0.037850
1606 100 10000 0.126685
1607 100 10000 0.121545
1608 100 10000 0.032785
1609 100 10000 0.032994
1610 100 10000 0.121715
1611 100 10000 0.133134
1612 100 10000 0.075234
1613 100 10000 0.032899
1614 100 10000 0.090038
1615 100 10000 0.125106
1616 100 10000 0.118291
1617 100 10000 0.032922
1618 100 10000 0.032871
1619 100 10000 0.077043
1620 100 10000 0.087543
1621 100 10000 0.033042
1622 100 10000 0.032820
1623 100 10000 0.090210
1624 100 10000 0.104307
1625 100 10000 0.179624
1626 100 10000 0.032835
1627 100 10000 0.032867
1628 100 10000 0.092094
1629 100 10000 0.107141
1630 100 10000 0.032796
1631 100 10000 0.032823
1632 100 10000 0.052858
1633 100 10000 0.058135
1634 100 10000 0.032790
1635 100 10000 0.032830
1636 100 10000 0.043803
1637 100 10000 0.046540
1638 100 10000 0.032824
1639 100 10000 0.032847
1640 100 10000 0.038042
1641 100 10000 0.039292
1642 100 10000 0.032801
1643 100 10000 0.032804
1644 100 10000 0.034127
1645 100 10000 0.034445
1646 100 10000 0.032777
1647 100 10000 0.032792
1648 100 10000 0.032898
1649 100 10000 0.032808
1650 100 10000 0.032826
1651 100 10000 0.032789
1652 100 10000 0.035046
1653 100 10000 0.035622
1654 100 10000 0.032854
1655 100 10000 0.032941
1656 100 10000 0.034778
1657 100 10000 0.035305
1658 100 10000 0.032767
1659 100 10000 0.032801
1660 100 10000 0.035531
1661 100 10000 0.036259
1662 100 10000 0.032737
1663 100 10000 0.032868
1664 100 10000 0.035702
1665 100 10000 0.035557
1666 100 10000 0.035541
1667 100 10000 0.035598
1668 100 10000 0.035864
1669 100 10000 0.035761
1670 100 10000 0.035569
1671 100 10000 0.035584
1672 100 10000 0.037849
1673 100 10000 0.038466
1674 100 10000 0.035560
1675 100 10000 0.035525
1676 100 10000 0.037005
1677 100 10000 0.037473
1678 100 10000 0.035548
1679 100 10000 0.035595
1680 100 10000 0.036927
1681 100 10000 0.037144
1682 100 10000 0.035602
1683 100 10000 0.035597
1684 100 10000 0.037928
1685 100 10000 0.038629
1686 100 10000 0.035590
1687 100 10000 0.035655
1688 100 10000 0.035665
1689 100 10000 0.035637
1690 100 10000 0.035584
1691 100 10000 0.035517
1692 100 10000 0.035700
1693 100 10000 0.035554
1694 100 10000 0.035571
1695 100 10000 0.035499
1696 100 10000 0.035674
1697 100 10000 0.035511
1698 100 10000 0.035578
1699 100 10000 0.035500
1700 100 10000 0.035658
1701 100 10000 0.035520
1702 100 10000 0.035537
1703 100 10000 0.035583
1704 100 10000 0.035636
1705 100 10000 0.035462
1706 100 10000 0.035557
1707 100 10000 0.035534
1708 100 10000 0.035663
1709 100 10000 0.035532
1710 100 10000 0.035587
1711 100 10000 0.035540
1712 100 10000 0.035667
1713 100 10000 0.035506
1714 100 10000 0.035592
1715 100 10000 0.035555
1716 100 10000 0.035699
1717 100 10000 0.035532
1718 100 10000 0.035587
1719 100 10000 0.035653
1720 100 10000 0.035668
1721 100 10000 0.035536
1722 100 10000 0.035581
1723 100 10000 0.035542
1724 100 10000 0.035655
1725 100 10000 0.035501
1726 100 10000 0.035526
1727 100 10000 0.035570
1728 100 10000 0.035590
1729 100 10000 0.035572
1730 100 10000 0.035567
1731 100 10000 0.035609
1732 100 10000 0.035684
1733 100 10000 0.035452
1734 100 10000 0.035608
1735 100 10000 0.035529
1736 100 10000 0.035686
1737 100 10000 0.035536
1738 100 10000 0.035622
1739 100 10000 0.035509
1740 100 10000 0.035642
1741 100 10000 0.035482
1742 100 10000 0.035548
1743 100 10000 0.035570
1744 100 10000 0.035696
1745 100 10000 0.035548
1746 100 10000 0.035530
1747 100 10000 0.035610
1748 100 10000 0.035695
1749 100 10000 0.035535
1750 100 10000 0.035553
1751 100 10000 0.035648
1752 100 10000 0.035697
1753 100 10000 0.035552
1754 100 10000 0.035604
1755 100 10000 0.035612
1756 100 10000 0.035730
1757 100 10000 0.035475
1758 100 10000 0.035551
1759 100 10000 0.035516
1760 100 10000 0.035671
1761 100 10000 0.035571
1762 100 10000 0.035533
1763 100 10000 0.035540
1764 100 10000 0.035701
1765 100 10000 0.035487
1766 100 10000 0.035560
1767 100 10000 0.035544
1768 100 10000 0.035669
1769 100 10000 0.035515
1770 100 10000 0.035583
1771 100 10000 0.035494
1772 100 10000 0.035769
1773 100 10000 0.035752
1774 100 10000 0.035550
1775 100 10000 0.035522
1776 100 10000 0.036056
1777 100 10000 0.036106
1778 100 10000 0.035514
1779 100 10000 0.035457
1780 100 10000 0.038514
1781 100 10000 0.039420
1782 100 10000 0.035575
1783 100 10000 0.035661
1784 100 10000 0.037847
1785 100 10000 0.038470
1786 100 10000 0.035698
1787 100 10000 0.035562
1788 100 10000 0.035728
1789 100 10000 0.035580
1790 100 10000 0.035597
1791 100 10000 0.035545
1792 100 10000 0.035698
1793 100 10000 0.035514
1794 100 10000 0.035632
1795 100 10000 0.035525
1796 100 10000 0.038395
1797 100 10000 0.039126
1798 100 10000 0.035603
1799 100 10000 0.035464
1800 100 10000 0.037789
1801 100 10000 0.038464
1802 100 10000 0.035560
1803 100 10000 0.035600
1804 100 10000 0.036880
1805 100 10000 0.037151
1806 100 10000 0.035532
1807 100 10000 0.035507
1808 100 10000 0.035709
1809 100 10000 0.035538
1810 100 10000 0.035547
1811 100 10000 0.035523
1812 100 10000 0.035907
1813 100 10000 0.035842
1814 100 10000 0.035616
1815 100 10000 0.039797
1816 100 10000 0.039156
1817 100 10000 0.040159
1818 100 10000 0.035525
1819 100 10000 0.035558
1820 100 10000 0.035684
1821 100 10000 0.035531
1822 100 10000 0.035540
1823 100 10000 0.035502
1824 100 10000 0.035677
1825 100 10000 0.035511
1826 100 10000 0.035540
1827 100 10000 0.035537
1828 100 10000 0.035631
1829 100 10000 0.035432
1830 100 10000 0.035565
1831 100 10000 0.035519
1832 100 10000 0.035647
1833 100 10000 0.035498
1834 100 10000 0.035560
1835 100 10000 0.035564
1836 100 10000 0.035689
1837 100 10000 0.035522
1838 100 10000 0.035527
1839 100 10000 0.035513
1840 100 10000 0.035647
1841 100 10000 0.035500
1842 100 10000 0.035574
1843 100 10000 0.035476
1844 100 10000 0.035696
1845 100 10000 0.035545
1846 100 10000 0.035553
1847 100 10000 0.035500
1848 100 10000 0.043890
1849 100 10000 0.056972
1850 100 10000 0.044073
1851 100 10000 0.035609
1852 100 10000 0.035663
1853 100 10000 0.069240
1854 100 10000 0.062566
1855 100 10000 0.035560
1856 100 10000 0.035713
1857 100 10000 0.116836
1858 100 10000 0.101154
1859 100 10000 0.035454
1860 100 10000 0.035644
1861 100 10000 0.109209
1862 100 10000 0.126813
1863 100 10000 0.035503
1864 100 10000 0.035669
1865 100 10000 0.079444
1866 100 10000 0.116022
1867 100 10000 0.055640
1868 100 10000 0.035581
1869 100 10000 0.109005
1870 100 10000 0.092328
1871 100 10000 0.035585
1872 100 10000 0.035473
1873 100 10000 0.035580
1874 100 10000 0.038847
1875 100 10000 0.035577
1876 100 10000 0.035551
1877 100 10000 0.035499
1878 100 10000 0.035491
1879 100 10000 0.035548
1880 100 10000 0.035524
1881 100 10000 0.035540
1882 100 10000 0.044155
1883 100 10000 0.035578
1884 100 10000 0.035608
1885 100 10000 0.035568
1886 100 10000 0.035561
1887 100 10000 0.035569
1888 100 10000 0.035543
1889 100 10000 0.035528
1890 100 10000 0.035541
1891 100 10000 0.035499
1892 100 10000 0.035649
1893 100 10000 0.035489
1894 100 10000 0.035509
1895 100 10000 0.035536
1896 100 10000 0.035526
1897 100 10000 0.035542
1898 100 10000 0.035534
1899 100 10000 0.035544
1900 100 10000 0.035511
1901 100 10000 0.035554
1902 100 10000 0.035488
1903 100 10000 0.035536
1904 100 10000 0.035532
1905 100 10000 0.035560
1906 100 10000 0.035542
1907 100 10000 0.035597
1908 100 10000 0.035545
1909 100 10000 0.035558
1910 100 10000 0.035564
1911 100 10000 0.035499
1912 100 10000 0.035535
1913 100 10000 0.035507
1914 100 10000 0.035527
1915 100 10000 0.035561
1916 100 10000 0.035565
1917 100 10000 0.035479
1918 100 10000 0.035640
1919 100 10000 0.035597
1920 100 10000 1.944948
1921 100 10000 2.104709
1922 100 10000 2.116344
1923 100 10000 2.117354
1924 100 10000 0.161372
1925 100 10000 0.737160
1926 100 10000 1.102664
1927 100 10000 1.083455
1928 100 10000 0.029965
1929 100 10000 0.029804
1930 100 10000 0.053101
1931 100 10000 0.055356
1932 100 10000 0.029882
1933 100 10000 0.043306
1934 100 10000 0.044798
1935 100 10000 0.029843
1936 100 10000 0.037721
1937 100 10000 0.038719
1938 100 10000 0.029812
1939 100 10000 0.039006
1940 100 10000 0.044614
1941 100 10000 0.029894
1942 100 10000 0.029701
1943 100 10000 0.029775
1944 100 10000 0.029861
1945 100 10000 0.029716
1946 100 10000 0.029753
1947 100 10000 0.029833
1948 100 10000 0.029703
1949 100 10000 0.029747
1950 100 10000 0.029796
1951 100 10000 0.029721
1952 100 10000 0.029753
1953 100 10000 0.029876
1954 100 10000 0.029669
1955 100 10000 0.029850
1956 100 10000 0.029742
1957 100 10000 0.029908
1958 100 10000 0.029834
1959 100 10000 0.029911
1960 100 10000 0.029741
1961 100 10000 0.029868
1962 100 10000 0.029734
1963 100 10000 0.029811
1964 100 10000 0.029714
1965 100 10000 0.029891
1966 100 10000 0.029659
1967 100 10000 0.029840
1968 100 10000 0.029685
1969 100 10000 0.029897
1970 100 10000 0.029653
1971 100 10000 0.029836
1972 100 10000 0.029676
1973 100 10000 0.029847
1974 100 10000 0.029651
1975 100 10000 0.029849
1976 100 10000 0.029688
1977 100 10000 0.029864
1978 100 10000 0.029725
1979 100 10000 0.029811
1980 100 10000 0.029757
1981 100 10000 0.029915
1982 100 10000 0.029680
1983 100 10000 0.029872
1984 100 10000 0.029689
1985 100 10000 0.029815
1986 100 10000 0.029732
1987 100 10000 0.029855
1988 100 10000 0.029682
1989 100 10000 0.029848
1990 100 10000 0.029713
1991 100 10000 0.042172
1992 100 10000 0.029056
1993 100 10000 0.029211
1994 100 10000 0.029035
1995 100 10000 0.029233
1996 100 10000 0.029048
1997 100 10000 0.029211
1998 100 10000 0.029012
1999 100 10000 0.028999
Total_Patterns: 100   Total_Cells: 20000000, Time_by_pattern: 0.093072